ID	x	y
1	356.24	53.11
2	719.23	54.34
3	789.34	51.94
4	189.12	53.74
5	122.17	54.45
6	97.13	52.48
7	86.04	54.33
8	636.50	54.62
9	195.57	56.64
10	555.51	57.83
11	109.08	59.02
12	784.45	59.15
13	492.56	61.77
14	709.22	60.13
15	458.69	63.00
16	653.33	62.34
17	691.68	63.73
18	69.99	64.04
19	191.23	65.98
20	589.73	64.19
21	646.33	62.54
22	124.62	65.59
23	287.46	64.42
24	329.30	63.77
25	556.37	64.80
26	348.36	65.83
27	379.85	66.24
28	432.88	65.30
29	603.97	67.11
30	738.12	66.17
31	393.96	66.32
32	466.20	66.65
33	502.33	66.59
34	666.58	66.20
35	784.00	65.50
36	167.61	66.89
37	695.52	72.05
38	90.16	69.94
39	472.11	70.16
40	513.55	73.35
41	546.00	69.00
42	490.83	73.56
43	533.91	71.88
44	558.07	70.80
45	582.08	70.04
46	669.67	72.83
47	771.42	71.04
48	179.60	74.41
49	239.60	71.30
50	314.33	71.85
51	789.93	72.26
52	166.87	73.14
53	752.84	74.85
54	796.58	75.76
55	383.30	74.89
56	391.43	76.26
57	610.14	75.14
58	119.67	76.91
59	189.86	78.02
60	786.15	78.15
61	314.82	78.11
62	292.47	78.66
63	303.92	78.08
64	375.80	79.42
65	606.01	78.86
66	683.39	81.16
67	83.24	79.88
68	269.47	80.87
69	283.08	81.79
70	368.45	81.02
71	660.39	80.03
72	75.71	80.54
73	308.09	81.05
74	337.44	84.22
75	113.40	81.78
76	463.97	82.28
77	398.63	83.32
78	355.75	83.25
79	559.11	85.56
80	670.95	86.45
81	697.47	84.93
82	726.93	85.70
83	349.23	85.67
84	495.22	87.65
85	81.04	87.11
86	121.86	88.26
87	776.68	88.22
88	473.92	87.08
89	749.44	87.65
90	796.90	88.88
91	364.57	88.05
92	622.83	89.62
93	634.64	89.36
94	64.53	88.84
95	528.29	91.64
96	124.55	93.15
97	264.00	93.04
98	359.22	92.30
99	408.12	93.76
100	324.15	95.67
101	394.80	92.89
102	511.11	93.99
103	628.84	93.49
104	144.50	92.62
105	755.50	93.89
106	791.41	94.52
107	796.36	94.98
108	86.67	94.08
109	271.39	94.87
110	564.83	94.50
111	377.18	95.20
112	102.18	98.62
113	301.75	97.81
114	495.32	100.69
115	250.18	100.22
116	309.67	100.50
117	524.84	98.69
118	757.00	98.38
119	364.08	100.12
120	544.01	100.75
121	723.14	99.29
122	741.13	99.29
123	64.94	100.31
124	348.04	100.40
125	789.32	99.72
126	83.92	100.54
127	442.57	101.45
128	626.79	100.50
129	646.19	102.79
130	196.12	104.82
131	399.56	109.14
132	519.77	105.22
133	597.39	106.41
134	704.05	101.95
135	586.08	103.92
136	208.75	104.50
137	231.73	104.40
138	244.83	105.74
139	277.50	103.88
140	754.36	107.33
141	172.56	106.46
142	567.94	106.47
143	610.50	106.27
144	640.92	106.42
145	681.91	106.18
146	425.88	106.88
147	627.20	108.62
148	743.08	106.92
149	769.35	107.30
150	381.78	108.32
151	447.12	108.38
152	620.16	109.27
153	157.90	114.04
154	563.66	110.96
155	661.51	112.24
156	389.65	111.90
157	428.54	118.46
158	86.45	113.40
159	568.69	112.06
160	169.81	115.32
161	248.27	114.04
162	700.60	115.15
163	258.75	116.33
164	749.43	117.08
165	411.85	115.95
166	444.58	117.43
167	567.65	116.67
168	690.22	116.56
169	83.38	119.21
170	222.22	117.38
171	416.75	117.39
172	661.45	119.05
173	391.61	119.96
174	725.31	122.03
175	292.46	119.24
176	309.67	118.79
177	571.42	118.92
178	213.50	120.33
179	251.97	120.03
180	315.81	121.04
181	538.90	122.28
182	590.04	120.92
183	615.04	123.60
184	702.25	121.17
185	341.67	121.39
186	346.33	120.67
187	412.59	122.28
188	546.81	122.49
189	563.01	123.52
190	682.34	123.16
191	695.38	123.29
192	336.29	122.44
193	86.72	123.17
194	114.42	125.21
195	254.77	123.49
196	320.08	123.92
197	447.12	125.59
198	602.05	133.33
199	239.10	126.19
200	285.60	125.05
201	387.71	127.52
202	626.25	124.75
203	654.92	125.27
204	753.62	126.77
205	54.98	127.42
206	258.10	126.49
207	456.67	129.76
208	190.67	129.22
209	741.92	128.67
210	176.86	130.08
211	183.28	129.30
212	537.86	131.70
213	656.21	130.95
214	132.22	133.03
215	314.38	130.62
216	339.51	131.90
217	359.37	129.93
218	727.28	132.88
219	286.19	132.29
220	347.00	131.03
221	498.77	135.17
222	619.66	132.71
223	633.71	132.43
224	768.07	130.96
225	83.84	133.20
226	122.56	132.56
227	232.01	132.92
228	261.70	135.96
229	252.76	135.06
230	331.07	132.86
231	555.25	133.81
232	672.39	133.90
233	326.32	135.33
234	402.78	136.38
235	474.65	136.11
236	562.41	137.39
237	762.42	134.83
238	156.50	137.69
239	372.30	136.80
240	448.73	137.29
241	688.20	141.72
242	99.35	139.50
243	147.61	140.29
244	212.84	139.63
245	386.12	144.81
246	662.47	141.39
247	702.70	138.89
248	68.58	139.27
249	253.35	141.52
250	425.77	140.65
251	231.81	141.23
252	618.23	141.11
253	734.90	139.78
254	476.79	144.34
255	611.69	141.49
256	676.20	142.79
257	180.40	145.54
258	225.95	142.36
259	459.04	146.60
260	136.49	143.43
261	169.95	143.85
262	268.16	145.30
263	627.48	144.15
264	762.58	148.27
265	80.74	147.41
266	302.92	145.08
267	651.83	144.94
268	54.44	147.44
269	201.67	147.87
270	365.54	146.27
271	418.23	146.47
272	569.22	148.44
273	718.41	147.78
274	143.67	147.42
275	349.25	147.08
276	408.56	149.55
277	536.77	147.38
278	282.98	150.52
279	615.92	154.64
280	667.70	148.73
281	683.47	150.01
282	112.83	150.32
283	271.80	149.40
284	606.13	152.24
285	663.82	149.90
286	236.46	151.06
287	496.00	149.38
288	516.03	151.70
289	145.04	154.48
290	332.88	152.74
291	343.17	151.00
292	153.22	153.70
293	476.42	153.50
294	646.33	155.40
295	707.59	155.40
296	324.52	154.67
297	449.88	156.13
298	522.67	154.08
299	107.41	155.09
300	167.06	156.82
301	209.68	155.88
302	218.00	155.00
303	299.22	154.92
304	529.48	158.53
305	636.23	154.35
306	273.25	156.50
307	415.21	157.23
308	691.53	156.72
309	339.50	157.89
310	671.81	161.60
311	680.89	158.56
312	498.13	157.57
313	559.46	158.79
314	664.81	158.57
315	686.58	157.92
316	750.76	160.81
317	185.00	159.50
318	247.60	159.73
319	285.46	159.29
320	503.11	161.94
321	713.65	160.49
322	642.53	162.61
323	654.59	162.31
324	224.62	162.66
325	409.17	162.33
326	765.26	163.28
327	142.67	162.17
328	186.21	163.53
329	283.22	164.66
330	364.52	164.80
331	630.96	166.70
332	84.34	166.19
333	210.00	164.17
334	376.00	164.00
335	415.47	165.80
336	537.25	163.95
337	331.14	166.92
338	547.19	166.58
339	569.07	170.24
340	682.20	170.01
341	313.97	166.97
342	558.86	167.55
343	92.17	167.00
344	114.75	167.00
345	140.47	168.94
346	288.38	168.02
347	522.31	167.81
348	650.10	167.50
349	717.93	168.53
350	741.42	169.72
351	60.75	169.85
352	624.80	173.26
353	656.23	170.67
354	667.75	169.75
355	705.11	169.33
356	751.62	170.15
357	764.50	169.73
358	477.63	171.46
359	500.45	173.39
360	81.82	172.29
361	246.75	171.12
362	360.60	173.03
363	206.00	172.62
364	516.30	172.28
365	113.98	172.76
366	300.60	172.96
367	328.36	175.99
368	351.56	173.31
369	422.14	173.63
370	643.88	173.72
371	777.24	173.87
372	279.51	175.57
373	451.50	173.97
374	87.99	176.77
375	131.39	177.19
376	224.82	175.77
377	734.64	177.48
378	121.99	178.43
379	235.38	178.38
380	700.01	177.62
381	320.65	178.52
382	346.37	179.08
383	544.62	179.34
384	551.02	179.01
385	743.90	178.73
386	416.18	179.20
387	69.67	182.42
388	77.32	181.15
389	586.76	183.30
390	684.25	180.15
391	798.45	180.85
392	207.15	181.50
393	228.21	181.54
394	306.10	181.29
395	341.34	181.44
396	360.27	182.80
397	470.64	185.15
398	512.16	182.84
399	526.28	187.05
400	593.00	182.31
401	672.43	184.68
402	773.38	182.32
403	792.05	183.68
404	276.54	185.74
405	421.13	183.07
406	219.50	184.00
407	301.17	187.10
408	444.57	184.98
409	506.92	185.93
410	634.35	185.90
411	640.62	185.62
412	679.33	187.77
413	727.85	185.45
414	162.50	186.60
415	224.77	186.39
416	285.34	187.55
417	324.42	187.88
418	766.12	186.62
419	779.36	189.73
420	104.00	187.75
421	430.42	187.71
422	599.99	187.37
423	146.78	190.80
424	188.93	190.43
425	254.35	189.38
426	390.06	188.40
427	480.10	190.04
428	740.83	188.46
429	207.83	189.17
430	314.42	189.08
431	549.22	190.80
432	650.00	191.67
433	130.10	192.11
434	539.94	191.31
435	581.26	191.40
436	354.19	191.27
437	447.63	192.90
438	281.43	192.30
439	350.25	191.88
440	742.65	193.52
441	590.86	195.42
442	630.00	193.33
443	230.46	194.80
444	516.54	195.11
445	658.03	195.04
446	685.42	196.28
447	692.06	194.62
448	706.08	194.27
449	200.92	195.08
450	441.33	196.00
451	563.89	195.41
452	56.18	197.48
453	96.85	196.05
454	276.81	197.25
455	302.14	197.56
456	421.75	197.16
457	50.90	198.00
458	114.58	199.35
459	134.43	197.96
460	152.51	199.09
461	294.57	199.60
462	511.98	196.95
463	751.50	197.00
464	180.01	199.88
465	197.76	198.34
466	541.00	197.88
467	624.78	201.97
468	635.06	198.31
469	643.20	201.84
470	255.55	202.36
471	352.38	200.25
472	494.25	201.85
473	700.50	200.62
474	160.70	200.90
475	752.05	202.64
476	171.06	203.79
477	532.75	202.75
478	65.70	204.50
479	133.89	205.03
480	142.33	205.69
481	184.61	204.43
482	235.12	203.76
483	487.76	205.02
484	592.75	204.12
485	634.58	205.57
486	690.40	206.85
487	739.09	204.76
488	176.71	207.14
489	511.56	205.56
490	768.74	207.66
491	287.59	208.28
492	225.09	209.84
493	460.02	211.66
494	563.79	207.25
495	590.13	208.87
496	663.10	207.81
497	722.81	207.77
498	94.50	208.50
499	188.27	209.38
500	707.38	210.48
501	798.27	208.31
502	67.43	211.43
503	558.04	214.90
504	570.90	209.12
505	747.29	211.59
506	147.29	210.11
507	368.15	210.05
508	84.65	212.86
509	157.08	211.08
510	515.18	210.80
511	669.95	211.96
512	206.40	212.88
513	276.10	213.75
514	633.32	213.49
515	238.83	214.03
516	726.29	216.75
517	158.60	214.54
518	347.67	215.13
519	568.93	215.72
520	683.91	216.31
521	716.65	214.20
522	270.08	215.50
523	310.97	216.58
524	445.27	214.63
525	646.26	216.01
526	758.10	216.24
527	768.75	214.83
528	294.74	217.72
529	497.31	218.49
530	698.76	217.98
531	706.67	216.67
532	149.13	219.95
533	247.75	218.00
534	439.83	219.94
535	577.24	218.56
536	325.03	218.93
537	159.59	221.87
538	480.69	221.44
539	490.79	223.05
540	655.75	221.25
541	693.62	222.22
542	719.03	222.74
543	209.12	222.41
544	233.60	222.20
545	246.57	222.90
546	266.67	221.67
547	346.17	221.83
548	504.49	223.24
549	536.31	222.06
550	705.77	221.87
551	118.08	222.92
552	224.21	223.74
553	643.38	223.74
554	685.91	224.94
555	110.25	224.35
556	281.94	224.62
557	446.29	224.12
558	453.25	225.33
559	571.27	227.10
560	581.50	224.17
561	125.51	226.18
562	324.14	226.18
563	190.24	230.34
564	746.44	228.06
565	167.33	227.84
566	350.29	228.47
567	585.09	230.72
568	136.65	228.05
569	229.58	228.92
570	468.73	231.27
571	480.78	233.05
572	720.04	231.16
573	236.86	232.03
574	341.12	229.38
575	150.38	230.62
576	308.06	230.69
577	502.42	230.17
578	673.19	231.62
579	128.36	231.11
580	374.40	231.55
581	758.72	232.60
582	179.47	231.89
583	157.36	233.93
584	499.29	232.54
585	652.04	233.68
586	787.44	236.33
587	449.28	237.45
588	596.35	233.95
589	100.49	235.97
590	201.50	236.42
591	267.56	235.19
592	666.91	237.36
593	796.42	237.49
594	418.86	236.64
595	69.08	236.92
596	682.20	239.99
597	153.93	239.33
598	507.83	238.00
599	605.25	241.99
600	712.73	242.29
601	123.70	239.85
602	402.33	239.25
603	460.75	239.72
604	569.77	239.75
605	196.31	240.40
606	348.63	243.27
607	428.23	241.70
608	184.30	241.19
609	221.27	244.64
610	497.22	241.31
611	468.57	242.13
612	755.60	244.24
613	76.57	244.98
614	190.90	244.45
615	659.07	244.28
616	238.50	245.00
617	341.80	244.35
618	482.14	243.96
619	396.50	246.18
620	503.29	246.27
621	585.13	245.23
622	696.02	246.42
623	526.91	251.73
624	313.72	248.21
625	460.00	247.17
626	213.00	248.00
627	320.62	249.24
628	434.39	248.39
629	493.01	248.55
630	668.30	257.25
631	789.82	249.44
632	418.33	252.09
633	248.41	250.92
634	263.46	252.32
635	443.81	253.12
636	470.02	250.22
637	565.90	250.35
638	164.33	251.29
639	717.11	252.89
640	550.13	252.89
641	636.75	251.75
642	647.89	253.43
643	782.95	252.79
644	58.38	253.50
645	189.96	254.05
646	500.74	255.23
647	586.51	255.08
648	618.18	254.56
649	126.35	259.49
650	152.70	256.28
651	275.33	256.58
652	348.93	254.97
653	376.53	255.35
654	508.00	255.79
655	116.05	256.80
656	343.52	256.27
657	483.11	257.81
658	678.70	257.60
659	85.41	258.53
660	247.68	257.65
661	435.69	257.44
662	635.57	257.38
663	219.96	259.06
664	427.40	259.51
665	563.33	258.16
666	465.67	259.00
667	752.33	260.50
668	77.04	261.73
669	346.96	259.64
670	574.01	262.78
671	581.67	260.40
672	612.65	261.31
673	787.53	261.33
674	472.48	261.64
675	502.17	261.25
676	700.49	261.91
677	758.37	262.40
678	532.14	263.05
679	160.65	267.41
680	209.46	265.42
681	264.96	264.10
682	595.85	266.64
683	144.36	266.00
684	404.12	266.53
685	416.84	266.51
686	695.61	270.66
687	101.67	269.17
688	373.39	270.67
689	81.17	266.83
690	606.04	268.70
691	723.44	269.92
692	442.77	269.65
693	495.04	269.31
694	559.09	269.50
695	671.53	270.35
696	756.07	271.19
697	200.12	270.88
698	411.18	270.50
699	260.08	271.39
700	344.16	272.73
701	362.92	270.92
702	684.39	273.01
703	59.60	272.75
704	147.97	272.87
705	576.32	272.63
706	233.88	274.63
707	357.80	273.14
708	397.60	273.91
709	771.28	274.62
710	127.27	276.68
711	173.17	276.83
712	190.26	276.64
713	211.94	275.90
714	295.52	276.65
715	240.65	276.88
716	281.17	278.39
717	505.43	278.38
718	536.68	276.74
719	632.40	277.05
720	704.76	278.50
721	749.03	276.77
722	248.13	280.08
723	656.72	281.14
724	86.04	279.88
725	338.98	278.78
726	439.88	279.82
727	511.19	278.74
728	56.19	281.46
729	140.58	280.67
730	177.85	280.29
731	735.85	281.82
732	757.00	282.41
733	765.60	280.50
734	264.72	282.03
735	580.77	282.50
736	388.87	282.62
737	529.84	281.90
738	617.50	283.00
739	300.73	283.66
740	396.99	284.78
741	405.13	283.07
742	451.86	285.19
743	772.25	283.00
744	227.75	284.00
745	709.80	284.10
746	100.46	286.36
747	183.24	286.81
748	198.96	286.01
749	284.92	286.94
750	386.00	286.25
751	530.83	287.12
752	670.00	288.93
753	73.72	289.80
754	150.70	286.90
755	644.15	287.06
756	215.07	288.98
757	276.39	288.06
758	522.08	287.42
759	176.28	290.19
760	390.92	289.08
761	441.48	292.34
762	51.17	290.00
763	139.43	292.94
764	430.70	291.41
765	587.19	296.93
766	607.06	295.05
767	273.68	292.73
768	296.85	292.32
769	330.46	292.74
770	551.11	292.64
771	721.85	290.95
772	261.42	292.29
773	660.14	293.33
774	754.49	295.30
775	507.16	294.16
776	621.90	294.68
777	732.43	293.28
778	68.59	296.12
779	385.03	298.89
780	452.60	295.05
781	514.31	294.75
782	232.05	296.90
783	650.42	296.33
784	693.63	297.38
785	327.11	297.92
786	333.65	297.05
787	359.04	297.19
788	733.59	298.70
789	63.25	298.25
790	135.67	299.53
791	427.42	298.67
792	172.50	301.64
793	239.01	301.92
794	300.44	301.06
795	87.82	304.00
796	114.31	303.04
797	344.15	302.05
798	463.41	304.45
799	508.81	302.69
800	601.38	302.68
801	650.69	303.08
802	563.60	303.67
803	612.58	303.67
804	725.73	304.21
805	96.25	305.14
806	303.80	304.85
807	442.22	305.34
808	644.20	304.90
809	711.44	305.41
810	742.65	306.34
811	200.96	306.12
812	483.57	308.06
813	527.49	306.82
814	536.32	305.96
815	701.40	309.01
816	755.33	306.75
817	226.42	307.17
818	400.65	307.48
819	194.25	308.12
820	322.32	308.49
821	216.16	310.04
822	67.18	311.51
823	94.05	310.15
824	421.96	310.23
825	594.37	309.23
826	690.20	310.52
827	239.48	313.19
828	317.70	312.43
829	379.25	310.88
830	644.98	311.27
831	50.80	313.08
832	256.84	312.94
833	385.10	312.40
834	428.79	312.08
835	83.59	314.64
836	330.25	313.83
837	394.58	313.01
838	415.04	313.92
839	521.17	318.88
840	751.76	314.02
841	280.35	319.63
842	716.85	317.59
843	739.90	313.98
844	447.42	316.62
845	496.31	319.71
846	745.27	316.22
847	759.50	315.25
848	230.38	318.04
849	382.14	317.08
850	469.68	316.89
851	688.38	327.41
852	76.69	320.09
853	510.69	320.17
854	774.60	319.08
855	163.12	320.50
856	201.39	321.08
857	251.85	319.95
858	389.43	320.36
859	71.12	323.25
860	343.05	321.40
861	403.88	321.97
862	534.33	321.09
863	627.08	321.50
864	149.47	323.32
865	207.09	325.98
866	222.31	322.83
867	264.13	324.75
868	470.06	322.56
869	731.54	323.46
870	59.81	324.63
871	211.95	324.85
872	233.75	324.00
873	417.97	324.36
874	425.64	326.16
875	722.92	327.02
876	111.46	326.33
877	400.97	325.23
878	488.37	326.04
879	272.05	326.15
880	516.25	326.50
881	87.10	328.69
882	100.70	327.50
883	237.34	327.94
884	247.56	328.38
885	524.76	328.46
886	739.19	327.31
887	387.90	329.25
888	446.65	330.54
889	540.90	329.74
890	141.88	329.52
891	189.64	330.70
892	532.83	328.94
893	764.08	329.29
894	157.58	330.25
895	613.92	330.97
896	662.88	330.92
897	754.85	331.23
898	147.40	331.81
899	472.16	332.36
900	162.52	334.05
901	748.48	333.60
902	114.55	334.51
903	298.56	340.24
904	531.35	334.51
905	707.82	333.03
906	721.88	335.25
907	335.83	333.83
908	454.63	335.22
909	602.88	332.82
910	143.22	336.83
911	273.08	338.54
912	280.38	337.51
913	420.67	336.52
914	546.33	335.92
915	365.22	337.76
916	552.94	338.85
917	266.42	338.74
918	457.25	338.00
919	479.38	344.21
920	716.29	339.64
921	442.17	340.28
922	671.44	338.33
923	537.88	340.60
924	622.11	341.56
925	603.63	342.68
926	225.83	341.47
927	532.32	343.02
928	150.02	343.60
929	456.96	345.67
930	788.95	351.79
931	73.85	344.95
932	190.23	348.52
933	199.96	347.00
934	598.79	345.23
935	657.95	346.01
936	780.85	346.62
937	128.94	347.56
938	650.16	346.44
939	65.88	348.62
940	248.50	347.55
941	375.93	348.18
942	383.30	351.59
943	468.06	347.52
944	515.15	348.10
945	665.28	349.54
946	711.00	353.87
947	254.52	349.86
948	396.15	349.69
949	683.38	353.60
950	771.14	355.68
951	235.00	351.30
952	533.24	352.41
953	81.10	351.84
954	319.41	351.59
955	162.58	354.49
956	241.70	353.50
957	511.39	353.55
958	135.12	355.90
959	186.78	353.51
960	796.84	354.34
961	113.61	356.10
962	210.35	354.24
963	543.39	355.61
964	391.54	356.20
965	658.96	357.93
966	754.25	355.00
967	336.41	357.08
968	610.36	356.16
969	171.40	358.19
970	313.52	360.99
971	490.75	357.92
972	703.29	357.18
973	329.97	359.31
974	395.08	358.08
975	197.36	362.24
976	689.65	359.05
977	535.84	360.33
978	476.71	361.24
979	520.14	361.59
980	228.86	362.23
981	303.50	364.27
982	681.33	364.91
983	725.20	361.73
984	323.93	363.82
985	466.35	363.65
986	733.98	363.73
987	142.73	364.41
988	396.42	363.92
989	500.11	363.86
990	284.89	366.68
991	333.33	365.67
992	669.09	365.81
993	710.50	365.25
994	790.08	365.21
995	124.76	367.57
996	230.64	369.25
997	729.13	367.62
998	783.00	366.00
999	75.92	369.76
1000	177.94	371.06
1001	296.45	368.10
1002	360.98	368.30
1003	380.97	369.68
1004	695.41	371.02
1005	719.83	368.08
1006	205.08	369.33
1007	369.19	371.54
1008	404.50	372.02
1009	796.20	369.98
1010	249.96	371.02
1011	414.29	371.50
1012	528.47	376.70
1013	387.83	372.85
1014	436.10	372.55
1015	751.31	374.38
1016	195.17	375.17
1017	476.10	378.16
1018	112.04	376.67
1019	159.04	375.68
1020	75.62	378.75
1021	125.31	376.16
1022	171.88	377.22
1023	202.65	376.58
1024	345.48	378.72
1025	496.74	382.18
1026	227.39	378.32
1027	240.55	377.73
1028	338.13	377.07
1029	510.86	377.34
1030	155.38	378.42
1031	555.69	377.81
1032	150.60	379.05
1033	375.19	378.82
1034	397.20	380.96
1035	682.12	379.52
1036	692.55	379.10
1037	710.88	387.27
1038	279.49	381.65
1039	675.03	380.93
1040	68.76	383.53
1041	166.26	382.99
1042	369.62	383.28
1043	508.97	384.57
1044	633.42	385.71
1045	153.17	386.61
1046	214.21	386.07
1047	233.17	385.08
1048	797.37	386.67
1049	169.64	386.40
1050	206.94	386.61
1051	239.20	386.88
1052	472.43	385.82
1053	781.45	387.08
1054	254.98	387.87
1055	364.21	388.41
1056	328.94	389.35
1057	357.01	388.54
1058	535.58	387.83
1059	85.00	388.72
1060	270.98	392.89
1061	371.48	394.69
1062	398.41	394.57
1063	420.60	389.41
1064	440.48	395.77
1065	701.88	389.38
1066	732.86	389.54
1067	775.43	392.82
1068	184.34	391.00
1069	306.97	390.80
1070	384.04	391.14
1071	740.11	391.55
1072	73.19	392.92
1073	258.69	391.61
1074	52.45	393.63
1075	687.99	393.52
1076	160.19	393.75
1077	126.72	394.70
1078	343.50	394.40
1079	457.83	394.17
1080	572.36	395.46
1081	350.11	396.83
1082	583.87	395.14
1083	117.74	396.51
1084	232.47	397.69
1085	489.73	396.27
1086	704.03	396.61
1087	723.94	400.82
1088	78.66	397.77
1089	389.33	397.58
1090	679.07	397.18
1091	736.92	402.13
1092	132.82	399.79
1093	264.56	398.60
1094	332.21	398.21
1095	238.78	400.18
1096	756.06	399.34
1097	114.05	400.05
1098	748.34	402.28
1099	788.93	400.79
1100	194.57	401.36
1101	338.26	401.84
1102	471.69	402.25
1103	578.72	403.60
1104	201.67	402.43
1105	310.63	403.38
1106	348.19	403.44
1107	797.88	402.60
1108	58.09	405.26
1109	122.71	403.83
1110	128.96	405.20
1111	150.07	405.40
1112	211.02	404.56
1113	268.69	404.55
1114	278.46	403.66
1115	357.47	404.69
1116	384.66	402.74
1117	509.89	402.91
1118	600.03	404.47
1119	674.68	404.39
1120	448.43	404.51
1121	708.82	404.55
1122	70.61	405.73
1123	176.90	406.65
1124	199.92	405.92
1125	305.36	406.14
1126	226.86	407.74
1127	82.42	409.09
1128	442.43	409.14
1129	478.23	414.86
1130	94.80	410.58
1131	188.22	410.29
1132	344.83	408.93
1133	493.18	410.46
1134	796.98	411.63
1135	286.00	410.00
1136	127.48	411.65
1137	252.06	414.04
1138	310.43	412.50
1139	718.47	412.28
1140	512.76	413.24
1141	555.27	413.17
1142	699.83	412.81
1143	706.03	411.37
1144	345.17	413.48
1145	357.82	413.73
1146	222.12	413.83
1147	234.98	414.59
1148	387.20	415.18
1149	573.52	414.93
1150	672.12	414.31
1151	712.98	414.07
1152	758.86	416.27
1153	57.92	417.19
1154	378.68	415.76
1155	548.98	421.94
1156	683.38	418.20
1157	734.03	415.98
1158	777.99	416.02
1159	785.04	415.57
1160	68.31	417.67
1161	189.02	416.21
1162	317.04	416.74
1163	664.38	416.88
1164	329.55	418.88
1165	356.60	418.32
1166	432.57	417.30
1167	443.00	418.13
1168	792.15	417.88
1169	177.18	420.04
1170	282.04	420.12
1171	507.27	420.50
1172	157.00	420.00
1173	423.63	421.38
1174	595.26	420.74
1175	232.27	422.48
1176	382.74	421.37
1177	347.18	422.68
1178	495.92	421.75
1179	514.87	422.58
1180	588.07	421.57
1181	738.79	429.97
1182	216.70	424.22
1183	788.92	425.76
1184	248.85	424.95
1185	364.40	424.41
1186	373.62	426.04
1187	482.75	425.15
1188	776.06	429.04
1189	185.85	426.45
1190	414.78	426.20
1191	56.53	428.47
1192	158.69	427.50
1193	310.47	429.86
1194	422.41	427.57
1195	605.95	429.08
1196	114.89	432.50
1197	243.62	430.42
1198	681.79	432.40
1199	764.96	433.20
1200	479.00	430.19
1201	174.26	432.50
1202	591.72	436.49
1203	795.97	432.14
1204	222.87	432.80
1205	290.61	433.03
1206	423.29	433.12
1207	443.35	432.80
1208	541.56	435.11
1209	575.09	433.95
1210	206.21	441.77
1211	610.12	434.76
1212	667.58	433.88
1213	484.08	436.92
1214	536.78	438.12
1215	601.15	437.69
1216	716.80	437.78
1217	139.67	438.06
1218	291.44	438.00
1219	548.72	438.17
1220	166.55	442.04
1221	273.44	441.53
1222	304.12	442.46
1223	241.15	442.57
1224	448.37	443.90
1225	611.29	441.58
1226	690.24	442.36
1227	797.43	441.36
1228	324.14	442.59
1229	348.88	442.65
1230	466.51	442.85
1231	576.62	443.16
1232	734.33	443.27
1233	708.54	446.56
1234	393.25	446.14
1235	428.47	447.26
1236	571.28	446.22
1237	85.12	448.29
1238	222.92	447.17
1239	249.50	447.50
1240	469.40	448.94
1241	503.81	449.02
1242	562.18	449.39
1243	595.66	449.36
1244	148.95	450.35
1245	196.95	451.03
1246	231.21	449.95
1247	612.12	450.56
1248	105.89	450.25
1249	719.48	450.45
1250	782.39	450.39
1251	96.57	452.29
1252	459.60	451.72
1253	546.18	454.39
1254	553.24	455.56
1255	580.85	452.87
1256	724.25	452.62
1257	761.42	454.25
1258	126.80	453.05
1259	215.50	453.89
1260	483.40	452.73
1261	517.92	453.94
1262	592.50	452.50
1263	210.11	455.84
1264	54.86	456.32
1265	181.92	454.92
1266	322.89	456.39
1267	508.93	455.03
1268	311.44	456.65
1269	532.08	458.24
1270	722.63	458.60
1271	370.08	457.69
1272	460.79	457.42
1273	698.78	460.11
1274	747.44	458.94
1275	797.32	457.91
1276	318.09	458.92
1277	341.17	459.33
1278	437.94	461.72
1279	522.64	459.67
1280	389.87	460.37
1281	568.89	460.63
1282	670.61	460.69
1283	97.25	462.29
1284	217.14	462.75
1285	660.08	461.92
1286	792.50	462.16
1287	287.10	463.05
1288	303.41	462.43
1289	556.43	462.84
1290	169.24	464.07
1291	623.46	465.80
1292	485.16	465.83
1293	275.46	467.33
1294	567.79	466.61
1295	645.16	465.23
1296	700.86	466.26
1297	719.23	470.53
1298	746.53	467.36
1299	123.05	466.60
1300	368.20	470.55
1301	447.41	467.29
1302	495.73	466.97
1303	524.18	467.51
1304	730.75	466.88
1305	762.92	469.46
1306	781.18	467.78
1307	796.75	468.00
1308	90.54	469.33
1309	142.36	475.56
1310	437.56	471.06
1311	672.86	471.45
1312	769.99	469.39
1313	282.13	470.87
1314	391.05	474.09
1315	679.04	470.50
1316	736.30	472.74
1317	792.00	469.83
1318	236.25	471.00
1319	227.83	472.08
1320	428.94	474.32
1321	449.30	474.11
1322	525.16	474.58
1323	767.35	475.15
1324	464.50	474.50
1325	586.30	475.33
1326	651.60	475.08
1327	666.10	476.48
1328	707.21	474.14
1329	776.77	475.08
1330	153.69	476.75
1331	399.88	476.57
1332	565.07	480.06
1333	796.57	477.32
1334	232.92	477.08
1335	412.76	478.01
1336	461.20	478.77
1337	782.72	477.47
1338	250.86	479.78
1339	707.07	478.08
1340	298.85	478.95
1341	714.99	481.03
1342	742.00	479.00
1343	380.12	480.47
1344	172.26	484.44
1345	234.26	480.98
1346	632.82	485.40
1347	747.09	482.05
1348	284.29	484.09
1349	434.49	482.81
1350	155.56	483.34
1351	325.41	484.89
1352	362.85	483.52
1353	393.29	484.28
1354	484.52	482.80
1355	797.09	486.43
1356	478.50	485.62
1357	498.57	484.98
1358	101.51	487.51
1359	573.14	487.05
1360	735.53	487.20
1361	356.32	487.16
1362	607.62	487.39
1363	212.87	489.34
1364	262.62	489.26
1365	293.45	491.00
1366	439.75	489.00
1367	474.78	491.58
1368	669.21	489.65
1369	274.12	490.65
1370	555.90	490.57
1371	590.12	489.86
1372	757.85	492.01
1373	130.50	491.50
1374	499.92	491.47
1375	566.14	496.67
1376	611.61	493.63
1377	681.92	492.05
1378	134.63	492.77
1379	208.00	492.00
1380	232.67	492.21
1381	322.88	493.03
1382	415.28	493.41
1383	444.92	491.67
1384	488.63	494.95
1385	694.50	492.00
1386	288.08	493.08
1387	424.67	493.87
1388	706.79	493.04
1389	178.55	493.60
1390	268.57	495.27
1391	438.16	497.39
1392	747.04	497.88
1393	458.85	496.21
1394	508.75	497.49
1395	252.36	497.30
1396	402.00	496.75
1397	92.71	497.58
1398	287.98	498.90
1399	373.16	500.38
1400	676.24	497.75
1401	192.26	500.50
1402	213.87	498.23
1403	738.50	497.74
1404	130.08	499.33
1405	225.84	500.49
1406	359.52	501.45
1407	98.97	500.86
1408	482.19	500.91
1409	727.75	500.97
1410	380.41	502.08
1411	697.75	500.85
1412	425.92	503.13
1413	466.70	504.20
1414	503.75	502.57
1415	612.46	503.16
1416	232.24	503.59
1417	388.90	503.16
1418	618.92	503.83
1419	625.03	504.31
1420	402.38	504.33
1421	475.60	504.65
1422	723.55	504.70
1423	129.00	505.00
1424	748.13	505.11
1425	80.84	506.69
1426	389.33	504.52
1427	178.24	509.65
1428	499.71	508.72
1429	767.32	506.87
1430	132.67	509.83
1431	587.41	508.67
1432	695.43	507.87
1433	122.01	511.39
1434	406.26	509.57
1435	507.68	509.76
1436	577.55	510.10
1437	81.11	512.11
1438	614.26	513.08
1439	706.68	511.77
1440	728.97	516.10
1441	753.31	512.31
1442	216.13	512.77
1443	604.66	514.63
1444	677.20	514.37
1445	685.44	515.46
1446	700.11	513.80
1447	777.83	512.67
1448	421.61	516.45
1449	738.09	514.86
1450	73.43	515.33
1451	105.59	515.38
1452	204.80	515.30
1453	314.14	515.90
1454	193.46	517.43
1455	243.04	516.64
1456	288.73	517.49
1457	323.81	516.88
1458	157.73	517.80
1459	169.88	518.62
1460	746.09	518.36
1461	426.75	519.78
1462	565.84	519.39
1463	673.94	520.28
1464	75.12	521.23
1465	207.85	521.35
1466	690.26	520.49
1467	111.81	521.70
1468	297.75	521.08
1469	507.31	522.08
1470	772.37	524.72
1471	135.85	521.95
1472	179.60	522.84
1473	741.28	524.49
1474	342.22	522.61
1475	749.99	526.54
1476	706.39	526.18
1477	63.62	527.46
1478	177.89	527.79
1479	243.82	527.47
1480	687.67	534.96
1481	370.36	529.34
1482	377.08	527.92
1483	733.60	529.30
1484	600.34	529.59
1485	90.39	532.43
1486	127.82	531.01
1487	716.28	531.07
1488	784.82	532.82
1489	794.64	533.25
1490	170.80	532.80
1491	228.82	532.55
1492	50.66	532.95
1493	135.44	532.96
1494	515.97	536.67
1495	164.88	533.62
1496	295.46	535.04
1497	708.23	534.90
1498	727.15	536.83
1499	188.55	536.07
1500	776.33	534.67
1501	112.90	536.10
1502	206.94	536.62
1503	234.97	537.56
1504	251.53	537.89
1505	634.71	537.46
1506	290.18	539.29
1507	746.41	540.28
1508	798.00	538.33
1509	124.61	539.92
1510	180.70	539.67
1511	719.75	542.50
1512	101.05	540.15
1513	169.92	539.92
1514	474.43	540.75
1515	609.46	540.11
1516	379.03	548.68
1517	263.74	549.10
1518	403.20	543.76
1519	114.78	546.93
1520	201.29	546.73
1521	271.45	544.93
1522	655.17	548.21
1523	365.61	545.13
1524	621.60	546.36
1525	751.17	544.92
1526	758.67	544.67
1527	75.20	547.30
1528	227.79	547.70
1529	282.07	545.87
1530	524.48	546.08
1531	159.60	546.95
1532	780.91	550.68
1533	599.84	550.91
1534	703.75	549.68
1535	770.27	550.79
1536	476.19	549.60
1537	727.23	551.60
1538	517.00	551.88
1539	329.25	556.78
1540	414.08	553.08
1541	448.45	553.40
1542	797.06	554.56
1543	51.77	556.13
1544	175.36	556.58
1545	192.67	556.33
1546	235.96	555.32
1547	308.28	556.73
1548	408.68	554.89
1549	150.00	557.36
1550	402.01	557.07
1551	649.35	562.69
1552	245.78	558.39
1553	293.56	562.76
1554	735.43	559.87
1555	140.26	559.73
1556	276.32	560.50
1557	519.68	559.18
1558	165.33	561.51
1559	337.78	562.50
1560	344.22	561.53
1561	225.83	562.92
1562	429.07	562.17
1563	175.89	563.57
1564	318.17	563.69
1565	515.16	563.79
1566	636.88	565.31
1567	719.63	564.91
1568	69.70	565.14
1569	194.05	565.00
1570	406.52	566.32
1571	454.61	567.53
1572	592.90	563.60
1573	114.68	566.50
1574	502.10	565.45
1575	532.54	565.46
1576	152.03	566.76
1577	213.04	566.79
1578	380.83	566.58
1579	206.64	569.05
1580	327.16	569.22
1581	334.01	568.70
1582	432.01	568.35
1583	484.99	568.39
1584	608.38	566.77
1585	82.50	568.25
1586	104.17	569.70
1587	412.00	568.00
1588	589.13	567.84
1589	664.44	569.08
1590	51.24	570.62
1591	165.96	568.67
1592	707.71	570.41
1593	393.47	574.15
1594	490.60	571.03
1595	547.42	572.07
1596	617.22	571.93
1597	531.01	572.99
1598	575.21	571.25
1599	234.54	571.76
1600	633.91	573.36
1601	643.56	575.55
1602	165.69	575.50
1603	273.12	573.38
1604	374.93	572.87
1605	448.70	575.90
1606	422.22	576.85
1607	588.92	575.75
1608	720.02	576.40
1609	280.26	575.81
1610	370.80	575.98
1611	94.04	578.76
1612	482.08	578.56
1613	545.14	580.05
1614	702.37	578.72
1615	112.48	581.44
1616	272.30	580.61
1617	289.31	580.56
1618	744.36	582.22
1619	386.86	580.92
1620	477.53	581.53
1621	153.16	583.46
1622	705.51	583.51
1623	225.50	583.08
1624	634.23	584.74
1625	730.80	583.50
1626	95.94	585.64
1627	199.09	585.36
1628	294.50	585.17
1629	340.76	585.80
1630	394.93	584.87
1631	524.92	589.14
1632	61.20	586.04
1633	374.17	587.50
1634	639.96	585.79
1635	715.96	586.81
1636	732.75	589.91
1637	239.30	588.76
1638	466.33	588.06
1639	510.92	587.75
1640	657.73	590.74
1641	675.50	589.12
1642	533.98	593.42
1643	637.52	591.00
1644	738.84	592.36
1645	173.22	591.79
1646	411.82	592.50
1647	598.56	592.52
1648	768.37	592.44
1649	232.31	592.60
1650	723.35	593.74
1651	219.00	595.00
1652	224.00	593.70
1653	280.75	593.75
1654	478.17	595.50
1655	162.24	595.51
1656	170.52	596.03
1657	336.39	595.50
1658	240.40	599.58
1659	229.42	598.29
1660	299.42	596.54
1661	757.71	596.71
1662	191.42	598.42
1663	699.92	598.83
1664	413.61	600.15
1665	750.79	602.04
1666	276.78	601.44
1667	346.04	600.13
1668	635.44	604.00
1669	684.03	599.77
1670	712.25	600.79
1671	736.79	600.49
1672	139.57	604.92
1673	355.56	603.56
1674	602.87	603.53
1675	708.47	605.17
1676	791.80	604.22
1677	118.57	604.36
1678	204.57	604.37
1679	422.92	603.97
1680	627.22	609.15
1681	95.44	606.10
1682	125.99	606.21
1683	335.25	604.75
1684	437.23	605.42
1685	84.05	606.40
1686	184.90	606.50
1687	75.93	607.87
1688	325.74	608.07
1689	479.45	610.03
1690	167.01	608.41
1691	197.66	608.65
1692	517.75	607.88
1693	450.81	610.07
1694	796.12	611.68
1695	137.92	610.92
1696	259.94	611.00
1697	700.97	611.83
1698	745.08	609.67
1699	523.47	613.83
1700	176.33	612.70
1701	444.28	618.06
1702	468.60	613.06
1703	780.29	613.11
1704	580.26	614.55
1705	675.16	616.38
1706	280.38	617.68
1707	452.94	616.36
1708	649.01	615.55
1709	602.98	616.33
1710	730.96	617.38
1711	150.22	618.52
1712	431.86	619.23
1713	691.56	619.57
1714	289.13	621.38
1715	480.78	625.95
1716	619.06	620.42
1717	652.14	621.07
1718	183.08	621.08
1719	354.39	621.63
1720	235.60	622.30
1721	267.19	622.17
1722	679.77	623.88
1723	578.40	624.04
1724	774.33	622.83
1725	150.10	624.30
1726	783.94	626.09
1727	671.86	625.18
1728	61.22	628.15
1729	338.60	626.05
1730	141.38	627.62
1731	418.71	628.16
1732	466.30	627.46
1733	525.58	628.50
1734	674.73	626.97
1735	83.42	628.08
1736	427.31	628.77
1737	434.14	628.50
1738	667.67	628.17
1739	701.93	629.65
1740	113.77	633.02
1741	644.81	627.94
1742	79.33	631.41
1743	137.67	630.99
1744	678.80	634.14
1745	714.51	634.00
1746	775.26	634.55
1747	288.98	631.70
1748	650.38	636.36
1749	57.02	637.00
1750	323.63	635.63
1751	488.19	636.17
1752	176.68	635.38
1753	349.39	636.01
1754	382.92	635.08
1755	452.59	637.67
1756	519.69	635.58
1757	90.57	636.93
1758	250.29	636.08
1759	503.81	639.29
1760	603.53	637.34
1761	137.79	637.08
1762	314.16	637.02
1763	433.70	637.30
1764	159.08	638.61
1765	793.96	639.45
1766	416.97	641.52
1767	286.22	642.59
1768	373.50	640.89
1769	725.42	641.91
1770	394.74	643.68
1771	526.07	646.86
1772	276.35	644.43
1773	301.21	644.88
1774	350.56	649.53
1775	430.91	645.05
1776	666.97	645.26
1777	400.83	645.17
1778	442.69	644.81
1779	455.47	646.28
1780	630.75	644.28
1781	772.55	647.75
1782	363.55	646.30
1783	791.84	646.79
1784	414.04	647.21
1785	764.33	647.01
1786	165.24	649.99
1787	510.96	649.94
1788	390.40	652.09
1789	427.63	650.04
1790	618.21	650.62
1791	662.56	650.20
1792	69.95	652.50
1793	89.95	654.50
1794	173.73	652.35
1795	284.99	652.12
1796	638.23	652.42
1797	335.45	653.85
1798	594.10	652.20
1799	687.35	654.04
1800	78.14	655.00
1801	223.62	655.79
1802	408.25	656.46
1803	439.55	657.01
1804	153.87	657.48
1805	421.82	657.27
1806	696.10	659.08
1807	780.72	658.50
1808	299.14	659.08
1809	572.44	659.39
1810	648.92	659.14
1811	276.87	659.61
1812	767.38	661.56
1813	208.27	661.01
1814	317.89	661.50
1815	455.68	664.43
1816	213.86	663.84
1817	85.83	664.67
1818	91.87	664.84
1819	266.62	664.50
1820	691.92	665.19
1821	422.94	665.12
1822	645.10	665.62
1823	540.48	666.33
1824	116.33	667.64
1825	291.67	668.38
1826	299.91	667.99
1827	516.35	670.58
1828	791.16	668.75
1829	110.16	668.99
1830	239.90	668.08
1831	377.70	668.26
1832	429.93	670.03
1833	193.23	671.44
1834	395.93	671.96
1835	564.15	671.80
1836	542.55	674.46
1837	585.08	674.91
1838	594.97	673.58
1839	717.92	673.08
1840	66.73	675.19
1841	134.66	675.54
1842	179.50	673.38
1843	210.82	675.28
1844	200.85	675.05
1845	359.27	675.60
1846	578.05	675.73
1847	663.79	676.61
1848	334.60	676.95
1849	387.61	677.85
1850	525.04	675.76
1851	236.05	677.30
1852	272.21	677.81
1853	287.39	677.92
1854	256.83	683.72
1855	710.68	678.74
1856	150.40	679.20
1857	226.81	679.19
1858	241.88	679.77
1859	202.38	680.25
1860	297.83	680.33
1861	488.33	679.97
1862	589.77	680.50
1863	167.74	682.78
1864	188.95	680.85
1865	215.97	681.65
1866	508.08	683.64
1867	533.40	682.37
1868	181.91	682.73
1869	291.63	684.90
1870	370.25	681.25
1871	433.21	682.93
1872	768.07	682.69
1873	566.03	683.64
1874	708.19	683.75
1875	448.43	693.63
1876	560.77	684.45
1877	684.78	687.24
1878	152.87	685.38
1879	161.58	687.31
1880	196.08	685.08
1881	234.38	686.50
1882	417.90	686.35
1883	754.25	685.54
1884	546.80	686.60
1885	795.89	689.38
1886	410.83	686.67
1887	427.06	687.64
1888	780.21	687.50
1889	367.38	690.72
1890	433.05	689.15
1891	558.15	693.31
1892	591.33	688.67
1893	52.44	690.67
1894	523.92	695.01
1895	570.25	689.88
1896	107.06	693.15
1897	284.07	692.14
1898	708.33	692.02
1899	272.95	692.50
1900	545.67	691.83
1901	222.59	694.08
1902	606.90	693.19
1903	747.58	693.40
1904	761.01	693.89
1905	79.74	695.93
1906	464.39	695.64
1907	681.58	694.14
1908	788.51	697.18
1909	132.26	697.28
1910	314.79	696.00
1911	95.40	699.03
1912	573.08	696.92
1913	622.75	705.24
1914	704.28	698.54
1915	262.25	698.11
1916	383.58	699.61
1917	409.19	699.00
1918	139.28	699.99
1919	397.08	701.65
1920	655.80	699.10
1921	321.80	701.70
1922	795.90	701.20
1923	370.72	703.62
1924	79.24	705.08
1925	483.27	704.73
1926	54.71	704.44
1927	791.34	706.83
1928	379.31	706.63
1929	777.88	705.50
1930	214.00	706.00
1931	597.20	708.57
1932	672.19	706.81
1933	761.44	708.83
1934	91.83	709.65
1935	205.47	708.60
1936	57.00	708.50
1937	75.50	709.75
1938	368.66	711.23
1939	464.61	710.18
1940	588.71	709.43
1941	726.80	710.11
1942	263.30	710.27
1943	653.20	708.71
1944	119.20	711.27
1945	665.35	713.33
1946	741.49	712.22
1947	212.07	713.25
1948	295.18	712.40
1949	54.56	716.95
1950	281.93	713.79
1951	476.17	715.31
1952	656.45	712.95
1953	775.22	713.91
1954	315.12	713.38
1955	585.49	715.10
1956	125.93	714.47
1957	451.42	715.08
1958	431.57	715.75
1959	466.85	717.10
1960	614.18	716.86
1961	378.60	722.81
1962	647.50	718.82
1963	769.64	717.25
1964	436.33	718.92
1965	284.83	720.17
1966	681.35	721.80
1967	86.69	723.49
1968	242.30	721.50
1969	399.40	720.07
1970	565.40	720.91
1971	333.97	724.53
1972	389.92	723.32
1973	418.80	725.40
1974	491.28	723.65
1975	447.12	725.12
1976	595.03	727.92
1977	268.27	726.42
1978	151.78	730.34
1979	437.54	731.81
1980	553.18	731.45
1981	734.03	727.93
1982	250.22	729.76
1983	341.98	730.70
1984	720.51	730.06
1985	283.65	735.01
1986	478.55	731.18
1987	777.27	731.42
1988	191.63	732.28
1989	328.07	732.02
1990	431.35	731.55
1991	508.09	734.93
1992	527.42	731.58
1993	273.38	733.76
1994	376.51	734.01
1995	729.15	734.78
1996	101.40	733.75
1997	232.53	734.11
1998	364.08	732.83
1999	620.44	734.14
2000	387.35	734.19
2001	683.50	733.65
2002	795.83	733.63
2003	466.19	738.69
2004	491.92	735.10
2005	585.00	735.54
2006	711.71	735.49
2007	107.25	735.92
2008	289.21	736.74
2009	361.64	736.54
2010	476.62	737.88
2011	595.47	737.47
2012	60.92	738.08
2013	84.08	738.20
2014	205.00	737.92
2015	158.90	741.24
2016	447.79	739.88
2017	637.75	738.50
2018	139.64	743.50
2019	208.25	743.97
2020	647.52	740.42
2021	152.64	742.05
2022	238.42	741.38
2023	594.09	743.53
2024	78.85	744.57
2025	692.15	743.45
2026	779.82	742.27
2027	283.05	744.69
2028	328.37	743.11
2029	473.67	742.67
2030	532.71	744.05
2031	658.33	745.06
2032	717.95	744.27
2033	772.66	745.84
2034	382.08	743.42
2035	521.69	744.73
2036	709.44	744.65
2037	748.89	745.38
2038	724.00	745.86
2039	740.37	745.23
2040	238.91	748.89
2041	350.03	747.13
2042	305.56	747.56
2043	754.85	749.65
2044	361.50	748.79
2045	636.26	749.82
2046	447.12	749.58
2047	603.13	749.26
2048	701.94	750.64
2049	424.00	750.33
2050	522.18	750.36
2051	76.92	751.00
2052	189.73	751.27
2053	390.12	751.25
2054	455.54	755.22
2055	597.72	752.50
2056	258.32	752.71
2057	715.76	752.67
2058	144.04	753.73
2059	307.36	756.18
2060	418.15	757.79
2061	97.33	755.33
2062	114.91	756.51
2063	207.76	756.91
2064	724.00	754.50
2065	576.67	755.83
2066	737.67	755.52
2067	434.07	759.79
2068	441.11	758.63
2069	358.31	758.82
2070	201.82	760.93
2071	593.76	762.68
2072	122.86	762.94
2073	179.43	762.95
2074	74.98	767.46
2075	392.10	763.88
2076	145.12	764.54
2077	423.41	773.84
2078	677.72	766.81
2079	212.77	768.64
2080	447.44	767.40
2081	630.26	766.14
2082	321.79	767.21
2083	399.78	769.35
2084	458.39	770.50
2085	599.29	772.59
2086	780.63	769.84
2087	111.58	769.53
2088	739.58	770.19
2089	60.23	774.64
2090	471.00	770.81
2091	248.14	770.82
2092	479.95	770.48
2093	587.64	771.21
2094	766.80	776.71
2095	504.06	774.11
2096	571.72	774.09
2097	626.06	772.89
2098	797.62	773.50
2099	700.93	773.87
2100	188.26	775.65
2101	363.75	774.75
2102	482.90	775.97
2103	528.79	775.64
2104	752.12	776.52
2105	313.08	775.42
2106	327.57	777.04
2107	474.11	777.61
2108	567.93	776.03
2109	679.99	780.72
2110	605.08	777.94
2111	640.81	777.29
2112	83.27	779.03
2113	384.06	779.34
2114	452.17	778.75
2115	611.36	780.40
2116	392.25	779.75
2117	491.05	782.25
2118	594.16	781.20
2119	435.66	783.56
2120	458.74	782.42
2121	541.17	782.00
2122	722.37	783.71
2123	732.09	783.44
2124	388.90	784.16
2125	245.47	786.99
2126	464.77	784.86
2127	520.48	784.36
2128	177.36	788.65
2129	80.00	786.65
2130	337.00	787.27
2131	352.38	789.59
2132	381.08	790.58
2133	489.25	787.87
2134	657.78	789.22
2135	163.44	787.81
2136	696.16	789.20
2137	726.90	789.75
2138	532.74	788.96
2139	688.30	790.38
2140	792.10	790.80
2141	601.68	791.87
2142	265.11	792.98
2143	298.13	796.00
2144	61.99	796.00
2145	88.19	794.36
2146	685.08	795.25
2147	779.60	794.54
2148	282.21	797.39
2149	625.23	794.65
2150	633.12	795.85
2151	339.90	796.30
2152	359.55	798.30
2153	720.38	798.65
2154	525.91	798.83
2155	687.68	798.54
2156	98.75	799.00
2157	116.50	799.00
2158	126.50	799.00
2159	424.00	799.00
2160	460.00	799.00
2161	466.75	799.00
2162	481.75	799.00
2163	639.50	799.00
2164	655.00	799.00
2165	782.50	799.00
2166	794.23	798.56
