Object_ID	x-center	y-center	aperture_radius	mag_F336W	mag_F555W
1	562.71	51.97	5.0	17.587	18.520
2	138.75	51.25	5.0	18.300	19.028
3	359.11	53.03	5.0	17.973	19.255
4	788.90	52.95	5.0	18.790	20.226
5	354.25	54.96	5.0	17.581	19.369
6	468.90	55.30	5.0	18.727	20.483
7	562.00	53.89	5.0	17.663	18.562
8	723.25	58.00	5.0	18.518	20.343
9	273.25	58.50	5.0	18.547	20.164
10	355.10	59.71	5.0	18.315	19.374
11	555.50	58.62	5.0	19.154	20.698
12	629.95	60.94	5.0	17.940	19.587
13	294.25	60.00	5.0	18.782	20.326
14	578.57	61.00	5.0	18.480	19.688
15	458.35	63.18	5.0	18.563	19.677
16	492.67	62.44	5.0	18.215	19.517
17	653.00	62.25	5.0	18.817	20.333
18	121.86	64.28	5.0	17.904	19.841
19	287.28	64.37	5.0	17.942	19.063
20	589.57	63.96	5.0	18.488	19.622
21	691.23	63.92	5.0	17.591	18.826
22	70.40	64.20	5.0	18.750	20.613
23	556.56	64.81	5.0	18.456	20.325
24	126.37	66.53	5.0	17.999	19.422
25	191.42	65.91	5.0	17.307	18.191
26	348.50	66.08	5.0	18.770	20.349
27	380.18	66.03	5.0	18.723	20.063
28	736.58	65.67	5.0	18.301	20.034
29	210.33	67.28	5.0	18.171	19.630
30	393.75	66.25	5.0	20.018	21.176
31	442.83	68.17	5.0	17.704	19.196
32	465.93	66.64	5.0	18.605	19.987
33	502.50	66.38	5.0	20.478	21.675
34	666.25	66.25	5.0	18.431	20.545
35	603.40	67.90	5.0	18.516	20.108
36	738.75	68.25	5.0	18.533	20.017
37	401.00	69.75	5.0	18.770	20.107
38	90.33	70.17	5.0	18.974	20.873
39	472.50	70.25	5.0	18.983	21.004
40	158.08	71.81	5.0	18.726	20.327
41	534.58	71.67	5.0	18.550	20.231
42	179.50	72.70	5.0	17.960	19.503
43	669.55	72.61	5.0	18.179	19.573
44	695.57	72.86	5.0	18.444	19.727
45	789.75	72.25	5.0	18.951	20.970
46	167.00	73.25	5.0	19.817	20.728
47	796.83	73.17	5.0	18.459	20.119
48	514.54	74.66	5.0	18.066	19.498
49	592.25	74.25	5.0	18.038	19.842
50	752.67	75.10	5.0	17.665	18.849
51	148.83	76.06	5.0	18.485	19.909
52	383.60	75.20	5.0	20.710	21.502
53	582.17	75.92	5.0	18.245	19.548
54	119.92	76.83	5.0	19.275	20.542
55	180.00	76.75	5.0	18.169	19.413
56	215.09	78.61	5.0	16.296	16.713
57	398.00	76.25	5.0	19.403	20.643
58	796.10	77.70	5.0	18.618	19.460
59	156.87	82.05	5.0	15.610	16.806
60	190.08	78.57	5.0	18.490	19.945
61	314.75	78.25	5.0	20.383	20.926
62	591.32	78.67	5.0	17.978	19.050
63	785.92	78.46	5.0	17.932	19.372
64	375.67	80.17	5.0	19.246	20.303
65	606.25	79.25	5.0	19.180	20.833
66	83.77	80.03	5.0	18.845	20.604
67	660.15	80.30	5.0	20.559	21.318
68	267.33	81.33	5.0	19.416	20.540
69	281.00	80.50	5.0	18.949	21.075
70	308.25	81.25	5.0	19.639	21.079
71	336.93	81.64	5.0	17.584	19.219
72	368.50	81.25	5.0	19.477	20.743
73	431.56	84.18	5.0	15.941	17.003
74	681.60	81.20	5.0	18.244	20.086
75	229.05	82.40	5.0	19.154	20.703
76	422.67	82.17	5.0	19.620	20.670
77	464.50	82.38	5.0	19.676	21.225
78	686.15	82.75	5.0	18.535	19.900
79	285.00	83.25	5.0	19.061	20.769
80	398.75	83.50	5.0	21.840	21.714
81	773.00	84.25	5.0	18.908	21.153
82	208.92	85.83	5.0	19.048	20.131
83	235.37	88.30	5.0	16.035	16.965
84	337.98	86.67	5.0	17.578	18.230
85	697.50	85.25	5.0	24.077	21.725
86	726.83	85.81	5.0	18.309	19.742
87	389.85	86.88	5.0	18.249	19.615
88	494.02	86.12	5.0	18.284	19.944
89	559.50	85.88	5.0	19.631	20.954
90	590.50	86.12	5.0	18.689	20.041
91	648.13	87.46	5.0	17.432	18.850
92	671.31	86.69	5.0	19.217	20.352
93	81.50	87.38	5.0	19.284	20.866
94	242.00	88.35	5.0	17.721	18.443
95	122.36	88.16	5.0	18.447	20.365
96	436.33	88.17	5.0	18.334	17.635
97	777.16	88.64	5.0	18.217	19.666
98	634.67	89.33	5.0	20.276	21.280
99	796.67	89.33	5.0	19.537	21.298
100	424.60	89.95	5.0	18.984	20.156
101	496.60	89.95	5.0	18.775	19.760
102	622.75	89.50	5.0	20.362	21.721
103	352.75	91.50	5.0	19.747	20.689
104	358.66	92.24	5.0	18.921	19.337
105	528.60	91.95	5.0	19.563	20.857
106	653.25	92.75	5.0	18.486	19.880
107	705.91	92.82	5.0	18.604	20.017
108	264.33	93.17	5.0	19.220	21.306
109	364.33	93.33	5.0	19.705	20.009
110	385.67	93.33	5.0	20.032	20.506
111	408.25	93.89	5.0	18.642	20.093
112	628.58	93.83	5.0	19.282	20.698
113	718.60	93.30	5.0	19.328	20.692
114	322.50	94.00	5.0	18.326	20.421
115	452.89	95.56	5.0	18.185	19.273
116	478.75	94.25	5.0	19.424	20.902
117	510.91	94.34	5.0	18.173	19.456
118	712.17	94.42	5.0	19.309	20.323
119	790.88	94.50	5.0	19.610	20.906
120	271.50	95.25	5.0	19.446	21.559
121	661.91	98.78	5.0	15.553	17.433
122	796.10	95.20	5.0	19.783	20.593
123	325.50	97.25	5.0	18.334	19.903
124	439.75	96.50	5.0	20.330	21.163
125	681.14	97.56	5.0	18.488	19.981
126	103.25	98.00	5.0	16.298	19.927
127	239.15	98.30	5.0	19.329	20.795
128	301.75	98.25	5.0	19.611	20.808
129	498.67	99.08	5.0	18.573	20.107
130	694.75	99.00	5.0	19.593	21.869
131	309.91	100.98	5.0	17.906	18.913
132	364.33	100.33	5.0	19.980	21.309
133	481.69	104.27	5.0	15.638	16.072
134	492.67	100.98	5.0	18.456	19.874
135	250.12	101.12	5.0	18.702	19.959
136	543.83	101.33	5.0	20.523	21.024
137	532.75	102.00	5.0	19.222	20.932
138	646.34	103.23	5.0	18.372	19.738
139	498.50	102.50	5.0	18.714	19.929
140	196.32	105.33	5.0	17.913	19.367
141	400.33	104.67	5.0	18.288	19.836
142	518.75	104.25	5.0	18.648	20.150
143	586.00	104.25	5.0	19.577	20.664
144	231.75	104.50	5.0	20.304	20.977
145	245.05	105.85	5.0	18.941	20.198
146	534.00	103.25	5.0	18.284	20.151
147	597.48	105.74	5.0	17.714	18.601
148	689.25	105.75	5.0	19.111	20.779
149	172.75	106.25	5.0	20.378	21.149
150	520.97	106.57	5.0	18.698	20.066
151	754.29	107.04	5.0	18.352	19.791
152	787.44	109.44	5.0	15.878	16.945
153	534.51	110.61	5.0	15.705	16.915
154	610.75	106.50	5.0	21.663	21.607
155	627.10	108.70	5.0	18.616	19.729
156	693.75	108.25	5.0	20.105	20.957
157	381.75	108.50	5.0	19.888	20.969
158	398.77	110.03	5.0	18.742	19.983
159	470.50	110.00	5.0	19.181	20.453
160	620.00	109.50	5.0	19.954	21.106
161	155.94	112.43	5.0	17.285	18.062
162	426.67	111.33	5.0	18.408	20.025
163	563.83	111.33	5.0	20.031	21.357
164	674.07	111.03	5.0	19.103	20.796
165	389.77	112.03	5.0	19.459	20.706
166	682.29	113.00	5.0	18.491	19.586
167	247.67	113.33	5.0	20.398	21.199
168	661.75	112.50	5.0	20.023	21.125
169	86.75	113.50	5.0	19.333	21.066
170	524.50	114.25	5.0	19.147	20.702
171	528.83	113.67	5.0	17.860	19.215
172	541.75	113.50	5.0	19.343	19.798
173	169.88	115.69	5.0	18.013	19.437
174	399.92	115.83	5.0	19.130	20.274
175	425.78	116.22	5.0	18.106	19.200
176	481.81	115.67	5.0	18.839	20.054
177	584.17	115.42	5.0	18.622	19.933
178	700.25	115.25	5.0	19.293	21.092
179	769.67	115.35	5.0	18.280	19.558
180	793.38	116.00	5.0	18.789	20.374
181	111.25	116.00	5.0	18.134	20.002
182	714.18	118.37	5.0	16.722	17.365
183	115.60	117.70	5.0	18.222	19.431
184	161.50	117.75	5.0	18.569	19.424
185	258.75	116.50	5.0	20.733	21.439
186	444.64	117.75	5.0	19.276	20.541
187	483.17	116.17	5.0	18.951	20.243
188	750.25	117.75	5.0	18.442	19.700
189	222.50	117.50	5.0	21.204	21.248
190	83.67	119.08	5.0	18.790	20.397
191	408.75	119.00	5.0	18.643	20.605
192	430.40	119.49	5.0	17.941	19.060
193	474.21	123.13	5.0	17.247	18.801
194	724.39	119.75	5.0	18.748	20.152
195	292.50	119.50	5.0	19.629	21.153
196	774.50	120.61	5.0	18.774	19.842
197	392.75	121.00	5.0	19.213	20.627
198	579.25	121.25	5.0	18.757	20.200
199	589.75	120.50	5.0	21.455	22.628
200	795.50	122.44	5.0	18.320	19.574
201	341.75	121.50	5.0	19.769	20.932
202	413.25	122.58	5.0	18.664	19.961
203	540.00	122.70	5.0	18.433	19.915
204	546.83	121.67	5.0	19.219	20.548
205	611.50	121.50	5.0	18.715	20.474
206	668.92	122.67	5.0	18.699	20.092
207	765.35	122.30	5.0	19.058	20.149
208	336.50	122.50	5.0	20.116	21.420
209	563.19	123.81	5.0	18.927	20.234
210	616.46	124.04	5.0	18.293	19.635
211	681.93	123.76	5.0	18.683	19.668
212	695.17	123.42	5.0	19.167	20.604
213	431.82	124.36	5.0	18.687	19.288
214	581.75	123.50	5.0	18.935	20.132
215	114.50	125.36	5.0	18.981	20.312
216	407.33	125.08	5.0	18.502	20.217
217	447.25	125.75	5.0	18.625	20.080
218	258.50	126.25	5.0	20.388	20.859
219	503.75	126.25	5.0	20.020	21.163
220	600.85	126.70	5.0	18.288	20.049
221	55.00	127.00	5.0	19.006	21.405
222	386.58	127.83	5.0	18.573	20.087
223	391.50	126.62	5.0	19.152	20.223
224	416.33	127.17	5.0	19.851	20.668
225	753.33	127.08	5.0	19.178	20.477
226	55.50	127.50	5.0	19.010	21.360
227	404.50	129.00	5.0	18.678	20.084
228	457.01	130.45	5.0	17.944	18.709
229	177.23	130.13	5.0	19.023	20.341
230	383.75	129.50	5.0	18.975	20.555
231	314.67	130.92	5.0	20.295	21.255
232	522.66	134.24	5.0	15.868	16.790
233	537.75	131.00	5.0	19.160	20.703
234	601.75	131.25	5.0	18.541	19.826
235	656.25	131.25	5.0	19.767	20.788
236	286.25	132.36	5.0	18.620	20.280
237	339.60	131.95	5.0	19.899	21.068
238	633.80	132.65	5.0	19.614	20.816
239	132.50	133.00	5.0	18.851	20.230
240	261.44	133.81	5.0	17.992	19.515
241	498.80	135.60	5.0	16.219	16.533
242	619.75	133.00	5.0	19.635	21.371
243	728.67	133.44	5.0	18.523	19.670
244	217.34	135.34	5.0	18.226	19.749
245	592.38	134.36	5.0	18.402	20.077
246	672.60	134.30	5.0	19.769	21.377
247	252.77	135.13	5.0	18.648	20.097
248	326.58	135.42	5.0	19.168	20.599
249	403.08	136.81	5.0	18.667	20.001
250	475.00	136.25	5.0	19.256	20.914
251	563.11	136.50	5.0	18.558	19.921
252	373.33	137.08	5.0	18.925	20.192
253	448.60	137.30	5.0	19.505	21.049
254	599.63	137.36	5.0	17.940	19.423
255	156.75	137.75	5.0	20.200	21.281
256	262.76	138.54	5.0	18.297	19.187
257	513.50	139.00	5.0	19.144	20.626
258	686.75	138.50	5.0	18.455	20.129
259	702.60	138.95	5.0	19.673	20.789
260	99.75	139.50	5.0	19.427	21.195
261	148.11	140.75	5.0	18.684	20.073
262	213.25	140.25	5.0	19.755	20.913
263	386.03	144.63	5.0	15.815	16.860
264	425.89	140.75	5.0	19.104	20.467
265	562.67	140.33	5.0	18.912	20.032
266	232.05	141.40	5.0	19.281	20.676
267	253.56	141.92	5.0	18.897	20.173
268	348.50	140.88	5.0	19.604	20.885
269	438.67	141.33	5.0	18.527	20.334
270	618.50	141.25	5.0	20.632	22.334
271	684.34	142.52	5.0	18.155	19.580
272	611.75	141.50	5.0	23.848	23.178
273	663.83	141.67	5.0	19.420	20.449
274	675.98	142.82	5.0	18.518	20.038
275	714.95	142.60	5.0	18.620	20.018
276	184.56	144.33	5.0	18.332	19.597
277	691.67	143.75	5.0	18.032	19.374
278	237.75	144.50	5.0	20.297	21.477
279	268.19	145.67	5.0	18.911	20.305
280	438.67	146.56	5.0	17.602	19.036
281	458.78	145.70	5.0	17.776	18.611
282	479.25	145.00	5.0	18.660	20.061
283	526.19	145.81	5.0	18.963	20.115
284	590.60	144.95	5.0	19.356	22.150
285	761.75	144.92	5.0	18.868	20.365
286	81.75	147.75	5.0	18.229	19.832
287	552.97	147.77	5.0	19.055	20.506
288	55.25	148.00	5.0	19.402	20.830
289	177.00	148.25	5.0	19.033	20.335
290	201.92	148.08	5.0	19.184	20.600
291	568.25	148.75	5.0	18.053	19.469
292	720.62	148.62	5.0	18.029	19.404
293	797.80	148.40	5.0	19.112	20.561
294	282.00	150.75	5.0	17.392	18.290
295	748.67	149.42	5.0	19.273	20.454
296	790.54	151.22	5.0	16.266	16.769
297	113.00	150.50	5.0	18.693	20.315
298	410.40	150.70	5.0	18.578	19.691
299	451.50	150.50	5.0	18.888	21.602
300	584.84	152.01	5.0	16.724	17.379
301	592.65	152.31	5.0	15.953	16.948
302	605.75	152.40	5.0	18.190	28.597
303	616.59	152.84	5.0	15.900	16.930
304	683.67	150.33	5.0	20.007	21.742
305	740.32	150.36	5.0	18.871	20.198
306	236.67	151.33	5.0	20.281	21.473
307	286.50	151.00	5.0	17.771	18.437
308	332.75	151.25	5.0	19.243	20.390
309	460.67	151.33	5.0	19.578	19.493
310	549.75	151.25	5.0	19.407	20.385
311	762.67	151.44	5.0	18.758	20.008
312	516.33	151.92	5.0	19.156	20.747
313	636.25	152.25	5.0	19.323	20.488
314	145.89	153.50	5.0	18.584	19.963
315	432.68	154.32	5.0	17.332	18.130
316	442.67	153.33	5.0	20.917	20.628
317	575.83	152.92	5.0	19.131	20.261
318	86.00	154.25	5.0	19.181	20.488
319	153.60	153.95	5.0	19.442	20.749
320	333.50	154.38	5.0	18.979	20.372
321	324.50	154.62	5.0	19.680	20.922
322	395.75	154.50	5.0	19.946	22.188
323	646.40	155.60	5.0	18.646	20.197
324	708.83	154.92	5.0	19.035	20.383
325	167.33	156.81	5.0	18.765	20.267
326	450.30	156.94	5.0	17.718	19.051
327	144.50	156.88	5.0	18.747	20.001
328	273.50	156.50	5.0	20.214	22.214
329	415.25	157.25	5.0	19.040	20.852
330	525.58	157.83	5.0	18.930	20.358
331	705.75	157.00	5.0	19.320	20.482
332	771.65	157.90	5.0	18.516	19.942
333	614.04	158.76	5.0	18.021	18.681
334	534.00	158.75	5.0	19.324	20.610
335	559.75	159.25	5.0	20.059	21.298
336	672.05	159.40	5.0	18.769	20.371
337	247.50	159.50	5.0	19.648	21.419
338	502.76	162.24	5.0	17.917	19.394
339	749.26	160.54	5.0	18.437	19.780
340	432.50	161.89	5.0	18.416	19.640
341	713.75	160.50	5.0	21.551	21.197
342	791.62	163.18	5.0	17.603	19.140
343	224.00	162.25	5.0	19.037	20.334
344	395.71	164.67	5.0	16.417	16.830
345	409.33	162.52	5.0	18.584	20.229
346	590.50	161.50	5.0	18.363	19.678
347	642.60	162.75	5.0	18.591	20.223
348	654.75	162.58	5.0	18.489	19.911
349	272.00	163.25	5.0	18.745	20.004
350	765.25	163.75	5.0	18.554	19.909
351	776.75	163.00	5.0	19.525	20.901
352	186.33	163.67	5.0	18.835	20.773
353	225.08	163.17	5.0	19.085	20.350
354	364.50	165.25	5.0	18.334	19.301
355	671.83	164.33	5.0	19.578	20.243
356	50.75	165.25	5.0	19.481	19.924
357	85.02	166.29	5.0	18.569	19.885
358	266.19	165.81	5.0	18.402	19.818
359	283.60	164.95	5.0	19.364	20.768
360	431.75	165.25	5.0	18.126	19.481
361	588.31	165.44	5.0	17.829	19.173
362	630.14	166.31	5.0	17.753	18.947
363	415.00	166.25	5.0	19.417	20.772
364	597.08	166.81	5.0	18.521	19.999
365	314.25	167.00	5.0	18.861	20.265
366	331.25	167.00	5.0	19.128	20.493
367	428.77	167.03	5.0	18.611	19.954
368	546.83	166.67	5.0	20.312	21.148
369	559.08	167.58	5.0	19.108	20.417
370	569.10	167.70	5.0	18.173	19.659
371	682.28	169.54	5.0	16.139	16.582
372	522.50	168.00	5.0	19.235	20.748
373	140.74	169.19	5.0	19.006	20.515
374	288.50	168.50	5.0	21.377	21.459
375	591.92	169.08	5.0	18.417	19.194
376	301.25	170.25	5.0	19.304	20.605
377	656.25	170.89	5.0	19.020	20.215
378	741.67	170.17	5.0	20.871	21.849
379	751.35	170.20	5.0	19.638	20.792
380	264.50	170.50	5.0	18.655	19.813
381	477.85	171.70	5.0	18.657	20.013
382	568.75	171.00	5.0	18.135	19.486
383	624.58	171.83	5.0	18.201	20.083
384	635.83	170.92	5.0	19.372	20.340
385	790.83	170.67	5.0	19.343	20.026
386	160.19	175.33	5.0	15.871	16.948
387	171.00	172.25	5.0	19.398	20.498
388	401.75	172.25	5.0	21.287	20.848
389	584.73	173.32	5.0	18.226	19.186
390	205.75	172.50	5.0	20.257	21.210
391	267.25	173.00	5.0	19.347	20.475
392	352.05	173.40	5.0	19.746	20.690
393	360.75	173.50	5.0	18.555	19.541
394	643.92	173.83	5.0	19.697	20.843
395	500.50	174.12	5.0	18.270	19.561
396	279.89	175.75	5.0	18.709	20.136
397	329.06	176.31	5.0	17.594	18.360
398	401.50	173.50	5.0	20.123	20.593
399	570.25	174.50	5.0	19.120	20.355
400	626.97	175.97	5.0	18.599	19.697
401	224.75	176.00	5.0	19.870	21.204
402	710.83	176.33	5.0	19.501	20.931
403	131.67	177.08	5.0	19.160	20.453
404	361.50	175.00	5.0	18.697	19.566
405	689.00	177.25	5.0	19.878	20.856
406	122.25	179.00	5.0	18.324	19.768
407	235.75	178.25	5.0	19.668	21.005
408	550.87	178.77	5.0	19.153	20.578
409	346.75	179.00	5.0	19.623	20.789
410	398.00	179.75	5.0	17.456	19.437
411	490.75	179.25	5.0	19.073	20.526
412	544.50	179.38	5.0	19.355	20.850
413	674.00	179.25	5.0	19.045	20.835
414	573.60	180.30	5.0	19.009	20.466
415	77.62	181.50	5.0	19.631	20.845
416	168.40	181.30	5.0	18.997	20.136
417	207.50	181.38	5.0	19.915	20.900
418	228.67	180.92	5.0	20.106	20.884
419	341.60	181.30	5.0	19.503	20.956
420	402.88	183.62	5.0	15.804	16.942
421	684.50	180.50	5.0	20.452	21.289
422	712.75	181.25	5.0	18.894	20.278
423	70.00	182.50	5.0	18.708	20.524
424	307.67	181.67	5.0	19.612	20.806
425	586.67	183.33	5.0	18.402	19.992
426	698.75	182.25	5.0	19.791	20.400
427	163.75	182.50	5.0	18.734	19.533
428	495.75	183.00	5.0	19.162	20.207
429	511.40	182.05	5.0	19.513	20.134
430	574.00	181.50	5.0	18.933	20.425
431	773.00	182.50	5.0	21.835	21.347
432	170.00	182.50	5.0	19.343	20.507
433	276.50	185.75	5.0	17.035	18.456
434	377.72	184.94	5.0	18.579	20.050
435	383.75	184.00	5.0	18.860	20.551
436	491.00	181.50	5.0	18.818	20.212
437	530.75	184.00	5.0	17.719	18.222
438	556.75	184.00	5.0	19.173	20.737
439	672.25	184.75	5.0	18.198	19.578
440	791.75	184.00	5.0	19.583	20.791
441	444.75	185.25	5.0	20.181	21.121
442	526.14	186.43	5.0	16.570	17.156
443	694.15	185.30	5.0	19.449	20.705
444	224.67	186.33	5.0	20.118	20.843
445	470.75	186.25	5.0	18.900	20.164
446	507.00	186.25	5.0	19.725	21.053
447	634.67	186.33	5.0	19.814	21.249
448	727.75	185.50	5.0	20.494	21.393
449	301.60	187.92	5.0	17.425	18.663
450	558.00	185.25	5.0	19.076	20.591
451	614.83	186.92	5.0	19.495	20.423
452	715.25	187.75	5.0	18.661	19.877
453	765.75	186.50	5.0	nan	21.619
454	780.53	188.57	5.0	18.143	19.606
455	285.83	187.67	5.0	20.082	21.799
456	324.60	187.95	5.0	19.542	20.669
457	571.58	189.36	5.0	17.134	18.021
458	722.00	188.25	5.0	19.150	20.296
459	188.69	189.44	5.0	18.266	19.712
460	254.73	189.60	5.0	18.934	20.227
461	390.33	188.79	5.0	19.563	21.171
462	480.25	189.89	5.0	18.503	19.759
463	672.42	186.92	5.0	18.224	19.564
464	147.19	190.81	5.0	18.626	20.033
465	548.94	190.62	5.0	18.790	20.282
466	652.42	191.44	5.0	18.475	19.904
467	293.67	190.67	5.0	19.561	21.096
468	354.75	191.25	5.0	19.938	20.953
469	539.25	191.25	5.0	19.241	20.454
470	581.25	191.50	5.0	19.944	21.665
471	383.60	192.35	5.0	18.646	19.971
472	447.90	192.85	5.0	18.416	19.734
473	190.75	192.50	5.0	18.636	19.707
474	615.10	193.70	5.0	18.439	19.690
475	402.56	194.81	5.0	19.014	20.331
476	525.25	193.50	5.0	19.691	19.574
477	669.25	194.75	5.0	18.446	19.948
478	742.75	193.50	5.0	19.065	21.085
479	230.67	194.67	5.0	20.177	21.468
480	432.75	195.00	5.0	18.908	20.293
481	516.83	195.33	5.0	20.355	21.782
482	577.71	195.71	5.0	18.227	19.676
483	657.75	195.00	5.0	19.412	20.657
484	305.75	195.50	5.0	19.085	20.535
485	441.67	196.17	5.0	20.057	20.829
486	478.51	197.36	5.0	17.657	19.133
487	56.25	197.25	5.0	18.730	20.317
488	301.50	197.75	5.0	18.703	19.993
489	421.94	197.17	5.0	18.633	20.163
490	590.50	196.50	5.0	19.342	20.918
491	134.67	198.17	5.0	20.193	21.173
492	152.60	198.30	5.0	19.212	20.519
493	685.75	198.00	5.0	19.520	20.620
494	760.67	198.72	5.0	18.615	19.989
495	57.00	198.00	5.0	18.735	20.353
496	197.50	198.50	5.0	21.345	21.604
497	295.00	199.81	5.0	18.649	20.193
498	430.00	199.25	5.0	18.825	20.311
499	598.25	199.36	5.0	19.093	20.253
500	115.00	199.50	5.0	19.134	20.799
501	180.50	200.00	5.0	19.037	20.642
502	321.15	200.30	5.0	18.723	20.203
503	625.30	202.22	5.0	16.616	18.060
504	152.50	199.75	5.0	19.278	20.513
505	670.67	201.33	5.0	19.412	20.726
506	417.00	202.17	5.0	18.675	20.360
507	494.25	202.00	5.0	18.756	20.227
508	643.33	202.08	5.0	19.025	20.525
509	430.67	202.67	5.0	18.595	20.078
510	476.92	203.08	5.0	18.728	20.090
511	677.17	203.42	5.0	19.420	20.786
512	751.75	203.00	5.0	19.637	20.810
513	171.50	204.00	5.0	18.912	20.634
514	235.50	203.50	5.0	21.849	21.980
515	255.00	204.00	5.0	19.038	20.436
516	134.00	205.25	5.0	19.657	20.892
517	319.50	205.75	5.0	19.215	20.202
518	487.60	204.95	5.0	19.339	21.094
519	142.50	206.00	5.0	19.218	20.701
520	375.96	208.46	5.0	18.396	19.835
521	419.75	206.00	5.0	18.830	20.123
522	430.75	206.25	5.0	19.114	20.538
523	511.75	205.50	5.0	20.415	21.215
524	634.75	205.50	5.0	19.806	21.536
525	690.06	206.44	5.0	18.502	19.690
526	177.15	207.05	5.0	18.897	20.235
527	289.50	207.89	5.0	18.446	19.715
528	466.75	207.25	5.0	nan	21.812
529	768.50	207.61	5.0	18.669	20.017
530	228.25	208.00	5.0	18.387	19.640
531	346.00	208.25	5.0	18.905	20.504
532	351.00	207.75	5.0	19.401	20.448
533	662.75	208.75	5.0	18.605	19.643
534	188.60	209.70	5.0	18.580	19.878
535	384.48	209.35	5.0	18.052	19.631
536	419.75	208.50	5.0	19.169	20.598
537	459.21	210.40	5.0	17.368	18.314
538	478.67	209.19	5.0	18.070	19.109
539	590.08	208.67	5.0	19.867	20.804
540	706.81	209.62	5.0	18.660	20.056
541	784.04	209.76	5.0	18.473	19.737
542	223.89	210.99	5.0	17.784	18.689
543	285.00	209.50	5.0	18.668	20.375
544	473.98	211.35	5.0	17.500	18.801
545	559.33	210.67	5.0	17.993	19.728
546	67.81	211.44	5.0	18.486	20.130
547	392.18	211.89	5.0	18.872	20.800
548	85.08	213.08	5.0	18.687	20.389
549	206.60	212.95	5.0	19.731	21.135
550	238.89	213.75	5.0	19.002	20.343
551	276.08	212.92	5.0	19.217	20.525
552	747.75	212.50	5.0	19.836	20.931
553	377.27	215.30	5.0	18.359	19.903
554	383.96	215.38	5.0	17.991	18.826
555	632.83	213.67	5.0	19.549	20.887
556	419.92	215.08	5.0	18.766	20.244
557	559.24	216.37	5.0	17.872	19.229
558	568.94	215.75	5.0	19.551	20.649
559	270.25	215.50	5.0	19.642	21.135
560	276.33	214.17	5.0	19.217	20.487
561	311.04	216.76	5.0	18.489	19.839
562	348.50	215.62	5.0	19.756	20.790
563	409.32	219.32	5.0	15.802	15.713
564	461.77	216.13	5.0	18.824	19.437
565	474.22	216.67	5.0	17.942	18.596
566	632.50	214.50	5.0	19.603	21.004
567	646.06	216.69	5.0	18.747	19.974
568	683.92	216.08	5.0	19.133	20.328
569	726.79	217.38	5.0	17.963	19.488
570	757.83	216.17	5.0	21.069	21.391
571	294.89	217.75	5.0	18.945	20.329
572	322.33	216.92	5.0	18.735	20.291
573	417.50	217.50	5.0	19.092	19.578
574	470.70	218.60	5.0	18.685	19.689
575	497.60	218.30	5.0	19.271	20.639
576	605.67	217.67	5.0	18.755	20.146
577	151.27	219.73	5.0	18.947	20.114
578	440.00	219.25	5.0	18.602	20.249
579	602.00	219.25	5.0	18.925	20.392
580	780.52	220.30	5.0	17.900	19.339
581	326.25	219.50	5.0	19.395	20.143
582	424.60	220.51	5.0	18.425	19.545
583	146.25	220.50	5.0	18.806	20.540
584	399.33	221.33	5.0	20.110	20.900
585	432.25	221.25	5.0	18.466	19.998
586	615.71	224.55	5.0	15.710	16.883
587	160.25	222.08	5.0	19.192	20.570
588	480.75	221.50	5.0	nan	nan
589	491.25	222.75	5.0	18.371	19.876
590	551.75	222.25	5.0	18.666	20.575
591	693.75	222.25	5.0	19.455	20.744
592	719.18	222.89	5.0	19.001	20.336
593	209.50	222.50	5.0	21.379	21.977
594	429.75	223.25	5.0	18.340	19.505
595	504.50	223.00	5.0	19.234	20.597
596	224.33	223.67	5.0	20.166	21.469
597	382.75	223.50	5.0	19.773	21.326
598	417.67	224.08	5.0	19.033	19.647
599	446.67	224.33	5.0	20.285	21.950
600	686.10	224.98	5.0	18.265	19.596
601	772.18	226.29	5.0	16.278	16.645
602	568.75	226.00	5.0	17.726	19.489
603	126.00	226.50	5.0	18.582	20.545
604	324.50	226.00	5.0	18.973	20.291
605	190.09	229.75	5.0	16.346	17.028
606	415.75	226.50	5.0	18.234	19.307
607	549.31	227.19	5.0	17.558	19.223
608	167.50	227.75	5.0	21.185	21.727
609	350.44	228.39	5.0	18.785	20.148
610	488.50	227.75	5.0	19.213	20.743
611	575.17	228.42	5.0	19.583	20.145
612	237.33	229.17	5.0	18.223	19.685
613	340.83	229.33	5.0	20.342	21.394
614	414.00	229.00	5.0	18.759	19.747
615	468.90	229.38	5.0	18.279	19.616
616	585.25	230.25	5.0	17.599	18.769
617	295.75	230.75	5.0	18.198	19.403
618	308.50	230.89	5.0	18.911	20.383
619	481.06	232.78	5.0	15.609	17.653
620	569.15	230.30	5.0	18.215	19.445
621	607.31	230.19	5.0	18.720	20.065
622	719.42	230.72	5.0	18.983	20.265
623	128.67	231.33	5.0	19.956	20.753
624	371.50	231.25	5.0	19.695	21.030
625	385.70	232.19	5.0	17.669	18.544
626	548.79	233.91	5.0	15.899	16.937
627	673.58	231.83	5.0	19.279	20.562
628	237.23	232.86	5.0	18.151	19.409
629	375.50	231.50	5.0	20.117	21.265
630	393.00	232.25	5.0	19.444	20.973
631	758.31	232.44	5.0	18.572	19.960
632	621.80	234.00	5.0	18.386	19.716
633	157.67	234.33	5.0	20.319	21.473
634	291.60	233.95	5.0	17.008	18.633
635	468.50	234.38	5.0	19.199	19.759
636	236.40	233.80	5.0	18.237	19.459
637	267.67	235.33	5.0	20.357	21.717
638	294.75	234.50	5.0	18.047	18.958
639	449.19	235.92	5.0	18.176	19.637
640	542.65	236.22	5.0	17.496	18.970
641	745.75	235.25	5.0	19.428	20.866
642	100.67	235.67	5.0	19.455	21.089
643	201.89	236.50	5.0	18.944	20.218
644	289.11	238.59	5.0	16.509	16.975
645	274.60	238.30	5.0	19.135	20.484
646	539.40	238.19	5.0	17.959	19.479
647	577.77	239.10	5.0	18.126	19.678
648	667.85	238.54	5.0	18.583	19.903
649	681.17	238.42	5.0	18.784	20.189
650	787.31	238.81	5.0	18.754	20.022
651	796.31	238.69	5.0	18.848	20.107
652	279.50	239.25	5.0	19.738	20.371
653	607.00	239.25	5.0	18.499	20.286
654	449.42	240.42	5.0	18.759	19.550
655	655.75	239.50	5.0	19.442	21.122
656	708.25	240.36	5.0	18.851	20.414
657	770.57	240.86	5.0	18.073	19.638
658	775.83	240.33	5.0	18.650	20.589
659	184.67	241.33	5.0	19.968	21.202
660	347.92	242.03	5.0	17.769	19.028
661	460.50	240.50	5.0	19.992	21.538
662	682.92	241.33	5.0	18.912	20.102
663	715.50	241.75	5.0	17.895	19.590
664	745.75	240.50	5.0	20.087	20.842
665	369.47	243.06	5.0	18.469	19.984
666	375.29	243.42	5.0	18.052	19.343
667	428.29	242.15	5.0	18.342	19.701
668	604.55	243.63	5.0	18.202	19.569
669	624.61	245.24	5.0	16.210	16.757
670	222.05	244.18	5.0	17.838	19.233
671	76.89	244.96	5.0	18.448	20.077
672	191.19	244.67	5.0	18.902	20.412
673	342.00	244.25	5.0	19.692	20.770
674	518.75	244.25	5.0	19.604	20.898
675	656.67	244.33	5.0	19.124	20.818
676	734.33	244.58	5.0	19.256	20.594
677	756.19	244.81	5.0	18.512	19.972
678	238.77	245.03	5.0	19.355	20.701
679	350.27	245.73	5.0	18.160	18.957
680	661.80	245.40	5.0	19.044	20.577
681	765.02	245.05	5.0	18.287	19.920
682	779.50	245.00	5.0	18.934	20.552
683	396.67	246.33	5.0	20.295	21.223
684	503.30	246.40	5.0	18.437	19.949
685	526.75	252.43	5.0	15.824	16.875
686	695.67	246.33	5.0	19.659	21.080
687	713.75	246.00	5.0	18.693	19.631
688	742.04	248.50	5.0	16.649	17.284
689	770.31	247.19	5.0	18.332	19.410
690	313.77	248.13	5.0	18.957	20.463
691	435.00	248.50	5.0	20.169	21.307
692	492.75	248.50	5.0	20.257	21.713
693	532.50	249.89	5.0	17.995	19.181
694	594.25	250.04	5.0	17.822	18.995
695	319.75	249.50	5.0	19.409	20.434
696	418.81	250.67	5.0	18.357	19.817
697	667.88	250.40	5.0	18.065	19.913
698	724.17	250.42	5.0	18.901	20.592
699	789.75	249.50	5.0	21.379	23.282
700	248.60	250.95	5.0	19.495	20.794
701	263.29	252.16	5.0	17.739	19.325
702	294.15	251.30	5.0	18.604	20.373
703	361.60	250.95	5.0	19.535	20.684
704	443.75	250.50	5.0	18.853	20.408
705	731.50	252.54	5.0	17.551	18.660
706	355.89	252.75	5.0	18.581	19.965
707	190.25	253.89	5.0	18.855	20.270
708	285.81	253.44	5.0	18.393	19.636
709	419.67	251.67	5.0	18.392	19.931
710	647.75	253.25	5.0	19.629	21.414
711	716.83	253.17	5.0	19.578	20.798
712	761.60	252.95	5.0	19.425	21.014
713	416.75	254.00	5.0	18.537	19.858
714	443.74	255.98	5.0	18.746	19.802
715	617.75	254.50	5.0	20.166	21.376
716	669.25	256.00	5.0	17.842	19.476
717	730.00	253.25	5.0	17.616	18.780
718	153.33	256.33	5.0	19.872	20.926
719	275.81	256.67	5.0	18.978	20.698
720	292.36	257.94	5.0	17.036	17.570
721	343.67	256.33	5.0	19.493	21.342
722	376.75	255.50	5.0	20.499	21.472
723	501.08	255.67	5.0	19.093	20.824
724	678.21	257.43	5.0	18.182	19.611
725	125.24	257.94	5.0	17.399	18.693
726	482.90	257.75	5.0	17.987	19.579
727	85.89	258.75	5.0	18.597	20.152
728	207.81	258.81	5.0	18.356	20.058
729	231.27	259.33	5.0	17.558	18.715
730	247.75	257.75	5.0	20.109	21.195
731	635.75	257.50	5.0	20.947	22.124
732	219.75	259.25	5.0	19.070	20.731
733	427.75	258.50	5.0	20.072	21.501
734	668.74	261.32	5.0	17.729	19.093
735	775.31	259.81	5.0	18.313	20.100
736	764.67	260.33	5.0	20.122	21.478
737	77.50	261.75	5.0	18.560	20.473
738	128.44	261.81	5.0	17.902	18.590
739	572.64	261.75	5.0	18.341	20.145
740	581.75	260.50	5.0	20.383	21.123
741	612.25	261.36	5.0	18.801	20.077
742	739.19	261.81	5.0	18.944	20.107
743	752.00	260.75	5.0	19.775	21.200
744	427.75	261.50	5.0	20.210	21.384
745	472.75	262.00	5.0	19.363	21.021
746	265.25	264.00	5.0	18.631	19.993
747	277.75	263.36	5.0	18.833	20.474
748	316.67	263.33	5.0	18.889	20.183
749	333.19	263.81	5.0	18.533	20.072
750	376.25	263.00	5.0	18.774	20.237
751	532.25	263.42	5.0	18.935	20.829
752	653.75	263.25	5.0	18.589	20.361
753	210.25	264.25	5.0	18.089	19.704
754	227.17	264.42	5.0	18.866	19.993
755	287.87	264.77	5.0	18.621	20.278
756	575.67	264.33	5.0	18.618	20.066
757	779.35	263.95	5.0	18.676	20.086
758	160.74	267.07	5.0	16.742	17.417
759	594.75	264.75	5.0	18.781	20.572
760	647.86	265.70	5.0	18.366	19.873
761	663.75	264.50	5.0	19.355	20.654
762	417.33	266.67	5.0	18.796	20.313
763	487.67	266.44	5.0	18.024	19.252
764	514.92	266.08	5.0	19.014	20.556
765	654.00	264.50	5.0	18.650	20.131
766	100.60	266.95	5.0	18.145	20.123
767	282.50	267.00	5.0	18.989	20.259
768	306.83	267.83	5.0	18.837	20.401
769	340.15	267.05	5.0	18.912	20.517
770	373.60	266.70	5.0	18.248	20.005
771	404.50	266.50	5.0	20.592	21.519
772	483.83	266.67	5.0	18.249	19.820
773	552.60	266.95	5.0	18.199	19.525
774	696.27	269.24	5.0	15.898	16.949
775	783.75	267.00	5.0	19.136	20.394
776	210.56	269.21	5.0	18.413	19.539
777	291.75	268.25	5.0	18.757	19.972
778	565.92	268.83	5.0	18.982	20.782
779	596.60	268.20	5.0	18.748	20.217
780	654.67	268.33	5.0	19.493	20.260
781	317.94	270.73	5.0	16.432	16.893
782	335.33	269.33	5.0	18.776	20.031
783	489.75	269.25	5.0	18.411	19.510
784	540.00	269.25	5.0	18.714	19.853
785	606.50	269.12	5.0	19.822	21.435
786	643.15	269.30	5.0	18.999	20.218
787	799.00	268.50	5.0	18.783	20.296
788	103.81	270.67	5.0	18.367	19.662
789	175.67	270.33	5.0	20.194	21.066
790	411.50	270.38	5.0	19.553	21.093
791	442.75	269.50	5.0	21.544	21.719
792	495.50	269.50	5.0	20.469	24.121
793	535.40	270.73	5.0	18.376	19.899
794	549.18	272.51	5.0	16.360	16.897
795	723.60	269.95	5.0	19.233	20.673
796	260.50	271.50	5.0	19.616	20.784
797	294.50	271.50	5.0	18.930	20.444
798	372.44	272.00	5.0	17.969	19.375
799	637.00	271.25	5.0	19.247	20.493
800	671.25	271.11	5.0	18.635	19.938
801	460.65	272.52	5.0	18.549	19.563
802	756.83	272.17	5.0	19.043	20.229
803	798.00	272.74	5.0	18.826	20.025
804	147.75	272.75	5.0	20.255	21.272
805	306.58	273.58	5.0	20.140	20.587
806	335.50	271.00	5.0	19.142	20.649
807	344.56	273.44	5.0	18.356	19.316
808	398.05	273.40	5.0	19.131	20.531
809	576.40	273.30	5.0	19.501	21.048
810	593.52	278.11	5.0	16.196	16.843
811	506.17	274.42	5.0	18.235	20.344
812	691.83	273.67	5.0	18.244	18.942
813	432.00	274.50	5.0	19.510	20.897
814	190.50	276.50	5.0	19.684	20.796
815	374.60	276.30	5.0	19.063	19.573
816	419.85	276.40	5.0	18.180	19.356
817	173.50	277.00	5.0	19.609	20.862
818	295.75	276.50	5.0	20.209	20.899
819	479.20	277.60	5.0	18.668	18.848
820	281.50	278.50	5.0	19.413	20.871
821	412.05	278.40	5.0	18.748	20.544
822	496.00	278.25	5.0	19.309	21.139
823	246.75	278.75	5.0	18.892	20.361
824	308.25	279.00	5.0	19.599	21.729
825	315.03	280.19	5.0	17.961	19.218
826	423.75	279.25	5.0	18.255	19.072
827	472.54	282.45	5.0	15.644	15.142
828	492.08	278.67	5.0	19.099	21.423
829	505.25	279.75	5.0	18.296	19.702
830	565.75	278.50	5.0	18.519	20.440
831	656.87	279.88	5.0	17.871	19.391
832	704.75	278.50	5.0	20.931	21.093
833	721.48	279.47	5.0	18.394	19.826
834	354.36	281.39	5.0	17.083	17.671
835	56.50	281.38	5.0	18.883	20.680
836	249.60	280.95	5.0	19.090	20.437
837	608.62	281.96	5.0	18.049	19.512
838	736.17	281.42	5.0	18.852	20.406
839	198.40	282.30	5.0	18.423	20.208
840	389.17	282.42	5.0	18.941	20.381
841	416.86	284.93	5.0	15.906	16.947
842	580.67	282.33	5.0	19.568	21.666
843	604.75	281.50	5.0	18.062	19.806
844	757.08	282.33	5.0	19.977	21.581
845	790.24	286.05	5.0	15.526	16.016
846	480.50	280.75	5.0	18.904	18.557
847	521.67	283.08	5.0	18.547	20.188
848	563.50	283.00	5.0	18.342	19.757
849	656.15	283.30	5.0	18.027	19.367
850	664.75	282.50	5.0	19.475	21.496
851	300.75	283.50	5.0	20.367	23.930
852	311.66	286.52	5.0	16.478	17.059
853	361.08	284.81	5.0	18.699	19.814
854	397.11	284.75	5.0	19.004	20.709
855	451.39	285.29	5.0	18.981	20.900
856	598.90	285.50	5.0	18.427	18.422
857	715.75	285.25	5.0	18.504	20.186
858	100.50	286.50	5.0	18.666	20.335
859	183.50	286.50	5.0	18.640	19.898
860	200.66	286.95	5.0	18.417	19.415
861	463.61	286.93	5.0	17.633	18.334
862	570.15	286.75	5.0	18.352	19.736
863	165.30	287.50	5.0	18.201	19.026
864	285.00	287.00	5.0	19.309	20.551
865	530.75	287.00	5.0	19.386	20.782
866	644.50	287.25	5.0	20.568	21.460
867	487.60	287.95	5.0	19.251	22.117
868	523.42	288.42	5.0	18.920	19.984
869	608.75	287.50	5.0	20.159	20.211
870	665.25	287.75	5.0	18.785	20.313
871	74.00	289.94	5.0	18.323	20.110
872	215.40	289.16	5.0	18.607	19.581
873	506.00	289.25	5.0	19.107	21.197
874	438.67	290.33	5.0	17.524	19.452
875	670.50	290.50	5.0	18.065	19.074
876	673.75	289.50	5.0	18.019	19.062
877	716.92	290.08	5.0	18.847	20.051
878	140.50	291.50	5.0	18.876	20.377
879	356.00	290.75	5.0	19.129	20.423
880	430.60	291.30	5.0	19.436	21.162
881	442.47	292.83	5.0	17.363	18.369
882	473.78	292.77	5.0	17.557	18.291
883	551.50	291.38	5.0	19.110	20.427
884	586.83	290.67	5.0	20.247	21.295
885	596.25	291.38	5.0	23.488	nan
886	273.81	292.81	5.0	18.567	19.914
887	297.17	292.42	5.0	18.957	20.717
888	330.67	292.98	5.0	18.468	20.029
889	605.40	295.29	5.0	17.576	19.045
890	660.50	293.00	5.0	20.059	21.484
891	163.50	294.50	5.0	18.451	19.218
892	587.75	293.50	5.0	18.409	20.621
893	687.60	293.95	5.0	18.889	20.659
894	755.02	295.13	5.0	17.306	18.324
895	68.90	296.10	5.0	18.279	20.045
896	138.33	294.67	5.0	18.138	19.927
897	386.81	295.38	5.0	17.900	18.976
898	452.60	294.95	5.0	19.314	21.720
899	507.33	295.67	5.0	18.475	19.804
900	551.50	294.50	5.0	19.160	20.395
901	232.56	296.44	5.0	18.575	19.904
902	484.50	296.00	5.0	19.763	20.659
903	611.75	296.50	5.0	19.167	20.287
904	623.00	295.50	5.0	20.026	21.022
905	694.65	297.05	5.0	17.977	19.006
906	359.50	297.25	5.0	20.796	21.358
907	650.75	296.50	5.0	20.670	23.672
908	327.25	298.00	5.0	18.791	19.984
909	384.50	298.50	5.0	17.811	18.849
910	573.25	297.62	5.0	18.974	20.580
911	587.83	298.17	5.0	18.264	19.839
912	135.89	299.50	5.0	18.433	20.062
913	545.67	299.33	5.0	18.819	20.804
914	733.60	298.95	5.0	19.425	20.579
915	674.67	301.42	5.0	19.251	20.714
916	694.67	301.33	5.0	18.614	19.237
917	779.25	301.85	5.0	18.286	19.769
918	172.75	301.75	5.0	20.206	21.169
919	239.35	302.35	5.0	18.690	19.644
920	508.92	302.67	5.0	19.040	20.435
921	523.25	302.75	5.0	18.551	20.232
922	585.50	302.00	5.0	18.608	19.999
923	667.82	302.80	5.0	17.845	19.448
924	114.82	303.11	5.0	18.303	19.783
925	296.33	303.19	5.0	18.336	19.999
926	601.50	302.62	5.0	20.045	23.107
927	650.50	303.00	5.0	19.387	20.591
928	660.30	303.85	5.0	18.293	20.105
929	785.58	303.92	5.0	18.699	20.444
930	547.25	304.36	5.0	18.716	20.176
931	563.75	303.50	5.0	20.347	21.143
932	612.83	303.67	5.0	20.405	21.141
933	725.75	304.25	5.0	19.955	20.973
934	96.33	305.08	5.0	18.956	20.917
935	442.50	305.38	5.0	20.077	21.484
936	463.25	305.00	5.0	18.684	20.394
937	577.54	306.88	5.0	18.320	20.071
938	529.65	307.11	5.0	18.034	19.304
939	711.50	305.50	5.0	20.195	21.268
940	742.67	306.33	5.0	20.114	21.199
941	400.89	307.50	5.0	19.213	20.581
942	472.96	308.52	5.0	17.774	19.230
943	483.27	307.73	5.0	18.511	20.303
944	542.40	307.30	5.0	18.107	19.777
945	701.52	308.95	5.0	18.058	19.430
946	205.25	309.75	5.0	18.586	20.071
947	208.75	308.50	5.0	18.597	20.189
948	322.75	308.50	5.0	19.733	20.924
949	663.64	309.75	5.0	18.597	19.833
950	216.25	310.00	5.0	19.051	20.435
951	689.83	310.33	5.0	19.959	21.995
952	784.38	311.20	5.0	17.638	19.159
953	67.05	311.40	5.0	18.862	20.846
954	160.25	310.50	5.0	19.612	20.920
955	422.33	311.19	5.0	18.931	20.166
956	543.19	311.19	5.0	18.232	19.684
957	574.60	311.30	5.0	18.449	20.010
958	790.14	311.43	5.0	18.137	19.437
959	239.45	313.07	5.0	17.522	18.970
960	318.00	312.50	5.0	18.990	20.368
961	530.25	312.11	5.0	18.642	19.420
962	775.25	312.50	5.0	18.542	20.084
963	152.75	313.25	5.0	18.881	20.306
964	257.00	313.00	5.0	19.552	20.771
965	290.19	313.67	5.0	18.999	20.319
966	295.75	313.00	5.0	19.207	20.097
967	385.50	312.50	5.0	20.172	21.665
968	415.33	313.81	5.0	18.947	20.290
969	671.76	315.39	5.0	16.416	16.821
970	84.08	314.81	5.0	18.828	19.859
971	209.75	313.50	5.0	19.854	20.373
972	549.83	316.04	5.0	17.115	18.110
973	751.75	314.25	5.0	19.842	21.047
974	280.60	315.90	5.0	18.018	19.841
975	522.75	314.75	5.0	18.770	20.922
976	745.67	316.33	5.0	19.908	21.033
977	448.92	317.08	5.0	18.375	20.210
978	495.00	318.36	5.0	17.382	18.274
979	577.19	317.97	5.0	17.826	19.005
980	717.00	317.75	5.0	18.811	20.167
981	230.49	318.71	5.0	18.505	19.412
982	523.94	319.06	5.0	18.517	19.742
983	689.00	321.58	5.0	16.812	18.526
984	279.75	320.75	5.0	17.971	19.301
985	282.17	317.83	5.0	17.936	19.415
986	366.89	320.75	5.0	18.517	19.897
987	511.36	319.79	5.0	19.196	20.624
988	789.33	319.92	5.0	18.501	20.117
989	201.75	321.00	5.0	19.450	21.122
990	519.19	321.56	5.0	18.332	19.861
991	534.75	321.50	5.0	19.461	21.638
992	376.21	322.92	5.0	18.013	18.940
993	403.92	322.08	5.0	19.217	20.567
994	795.50	322.00	5.0	18.989	20.108
995	71.73	323.27	5.0	18.951	20.295
996	149.75	323.00	5.0	20.021	21.011
997	207.36	324.07	5.0	18.513	20.035
998	222.50	322.50	5.0	21.594	21.624
999	470.08	322.67	5.0	19.674	20.651
1000	557.25	323.11	5.0	18.189	19.802
1001	576.17	323.69	5.0	17.589	18.797
1002	731.67	323.33	5.0	20.167	22.395
1003	769.04	323.76	5.0	18.357	19.639
1004	790.33	321.17	5.0	18.225	19.912
1005	281.50	324.75	5.0	18.892	19.851
1006	501.75	325.00	5.0	19.775	20.814
1007	561.50	325.42	5.0	18.614	19.717
1008	646.45	327.59	5.0	15.984	16.088
1009	111.75	326.25	5.0	20.146	21.422
1010	265.00	326.00	5.0	18.657	20.043
1011	313.11	329.99	5.0	16.792	17.529
1012	320.50	325.50	5.0	18.353	20.018
1013	425.67	326.44	5.0	18.295	19.216
1014	488.25	326.00	5.0	18.862	20.324
1015	721.36	326.34	5.0	18.391	19.975
1016	101.05	327.40	5.0	19.478	20.819
1017	237.67	328.08	5.0	18.738	20.094
1018	516.75	326.50	5.0	19.745	20.834
1019	705.64	327.75	5.0	18.691	20.113
1020	87.44	328.92	5.0	18.663	19.810
1021	207.00	328.50	5.0	18.989	20.155
1022	247.73	328.27	5.0	19.156	20.846
1023	668.40	328.27	5.0	18.888	20.287
1024	724.83	327.67	5.0	18.542	19.942
1025	142.15	329.30	5.0	19.055	20.527
1026	321.05	329.40	5.0	18.293	19.596
1027	389.08	328.67	5.0	19.226	20.513
1028	446.61	329.88	5.0	18.207	19.602
1029	524.83	328.67	5.0	20.443	nan
1030	541.31	329.56	5.0	18.901	20.451
1031	561.50	327.25	5.0	18.862	19.931
1032	688.56	326.97	5.0	17.059	18.568
1033	173.57	330.23	5.0	18.395	19.877
1034	190.50	330.00	5.0	19.096	20.300
1035	754.75	331.00	5.0	19.368	20.595
1036	472.50	332.00	5.0	19.227	20.793
1037	690.31	333.00	5.0	18.288	19.686
1038	733.32	332.36	5.0	18.749	20.485
1039	179.50	334.00	5.0	18.294	19.264
1040	350.23	333.13	5.0	18.849	20.162
1041	114.89	334.75	5.0	18.614	19.986
1042	162.75	334.00	5.0	18.715	19.991
1043	531.75	334.00	5.0	19.252	20.804
1044	641.25	334.50	5.0	19.048	19.754
1045	706.31	334.44	5.0	18.758	20.015
1046	767.17	334.19	5.0	18.777	20.023
1047	295.13	335.76	5.0	18.024	19.253
1048	448.25	333.50	5.0	18.838	19.716
1049	496.04	335.95	5.0	18.369	19.927
1050	602.75	334.50	5.0	20.578	20.830
1051	685.83	334.67	5.0	18.390	20.142
1052	721.79	335.11	5.0	18.881	20.420
1053	252.08	336.81	5.0	17.837	19.478
1054	273.52	337.82	5.0	17.924	19.353
1055	314.83	336.58	5.0	18.034	17.950
1056	501.92	336.08	5.0	18.831	20.308
1057	143.75	336.50	5.0	20.050	21.196
1058	301.15	337.50	5.0	18.053	19.446
1059	365.70	337.60	5.0	19.891	21.288
1060	420.75	336.50	5.0	20.629	24.787
1061	736.69	339.21	5.0	16.969	18.035
1062	176.67	338.33	5.0	18.336	19.649
1063	256.56	338.44	5.0	17.995	18.823
1064	266.58	338.83	5.0	18.599	20.362
1065	280.50	337.50	5.0	20.207	22.013
1066	553.61	338.50	5.0	19.012	20.289
1067	686.50	337.50	5.0	19.023	20.383
1068	351.50	342.28	5.0	16.058	16.139
1069	408.41	340.06	5.0	18.096	18.966
1070	716.25	339.75	5.0	18.421	20.045
1071	246.18	340.67	5.0	17.768	18.780
1072	290.37	340.89	5.0	17.681	19.089
1073	441.90	340.30	5.0	18.763	20.370
1074	478.76	342.66	5.0	15.989	16.930
1075	505.75	339.50	5.0	19.199	20.186
1076	251.75	338.75	5.0	17.775	19.177
1077	298.72	342.43	5.0	17.681	19.086
1078	301.08	339.17	5.0	17.532	19.116
1079	591.74	341.19	5.0	18.339	19.909
1080	177.50	342.89	5.0	18.507	20.030
1081	241.81	343.08	5.0	18.074	19.365
1082	316.89	342.42	5.0	18.995	20.348
1083	416.15	342.30	5.0	19.121	20.508
1084	532.50	343.30	5.0	18.559	20.517
1085	603.58	342.83	5.0	19.201	20.729
1086	150.25	343.50	5.0	20.286	21.365
1087	572.64	344.50	5.0	18.420	19.985
1088	589.60	343.95	5.0	17.589	19.014
1089	743.64	347.73	5.0	17.086	18.014
1090	431.20	347.42	5.0	16.667	17.320
1091	457.42	345.42	5.0	19.083	20.361
1092	699.83	344.67	5.0	19.050	20.656
1093	129.25	347.25	5.0	18.950	20.239
1094	179.83	347.58	5.0	19.059	20.028
1095	200.33	347.19	5.0	18.966	20.277
1096	305.33	346.92	5.0	19.224	20.074
1097	484.00	347.25	5.0	18.894	19.134
1098	569.50	347.38	5.0	18.529	20.090
1099	590.39	347.79	5.0	17.664	18.717
1100	633.83	346.67	5.0	18.541	20.484
1101	650.00	346.50	5.0	20.582	23.532
1102	788.88	347.06	5.0	18.496	19.613
1103	248.50	347.50	5.0	20.341	21.373
1104	376.17	348.17	5.0	18.919	20.437
1105	442.25	347.50	5.0	18.834	20.867
1106	468.00	347.50	5.0	20.101	21.510
1107	664.75	348.85	5.0	18.504	20.018
1108	694.12	350.49	5.0	17.602	19.120
1109	66.25	348.50	5.0	19.196	21.087
1110	190.50	349.11	5.0	18.830	20.073
1111	254.75	349.89	5.0	18.727	20.027
1112	365.02	350.52	5.0	18.296	19.820
1113	383.90	349.25	5.0	17.909	19.052
1114	629.17	350.62	5.0	18.055	19.461
1115	438.67	350.08	5.0	19.288	20.234
1116	621.62	351.57	5.0	17.093	18.544
1117	710.83	349.67	5.0	19.314	20.914
1118	235.25	351.25	5.0	18.952	20.352
1119	424.34	352.59	5.0	16.689	17.585
1120	533.64	352.41	5.0	18.201	19.704
1121	561.77	352.32	5.0	18.039	19.170
1122	81.33	351.92	5.0	19.982	20.926
1123	354.65	353.31	5.0	17.632	19.003
1124	588.44	354.70	5.0	16.584	17.306
1125	771.27	352.51	5.0	17.843	19.334
1126	162.50	354.67	5.0	18.235	19.643
1127	441.50	352.50	5.0	18.397	20.417
1128	511.26	353.70	5.0	18.465	19.911
1129	574.33	354.08	5.0	18.820	20.383
1130	598.67	353.33	5.0	19.288	21.536
1131	643.02	353.55	5.0	18.864	20.379
1132	790.09	353.95	5.0	17.996	19.016
1133	94.36	357.60	5.0	15.450	16.754
1134	136.12	355.00	5.0	18.497	19.918
1135	186.50	353.50	5.0	20.555	21.072
1136	382.73	354.27	5.0	18.328	19.084
1137	449.60	353.70	5.0	18.358	20.010
1138	681.48	354.67	5.0	18.643	20.114
1139	709.75	353.50	5.0	18.928	20.090
1140	113.90	356.05	5.0	18.375	19.765
1141	210.75	354.50	5.0	19.706	21.967
1142	445.85	355.21	5.0	18.198	19.786
1143	543.00	356.00	5.0	19.036	20.664
1144	579.53	356.87	5.0	18.147	19.814
1145	744.92	356.67	5.0	18.716	19.896
1146	336.75	357.00	5.0	19.942	20.932
1147	619.67	357.33	5.0	20.323	20.104
1148	658.56	357.98	5.0	18.138	19.195
1149	710.17	355.33	5.0	19.245	20.213
1150	171.81	358.19	5.0	18.626	19.842
1151	312.95	358.60	5.0	18.666	20.398
1152	490.75	357.50	5.0	20.454	21.088
1153	554.64	358.50	5.0	19.317	21.121
1154	561.00	358.50	5.0	19.994	20.215
1155	773.67	358.33	5.0	18.972	19.831
1156	330.24	359.34	5.0	18.560	19.811
1157	770.40	359.05	5.0	18.691	19.853
1158	85.22	360.25	5.0	18.695	19.973
1159	198.28	361.46	5.0	17.894	19.235
1160	451.10	360.60	5.0	18.322	19.830
1161	535.75	360.25	5.0	19.529	21.409
1162	560.50	359.75	5.0	20.276	21.107
1163	582.66	360.64	5.0	18.375	19.619
1164	689.75	359.50	5.0	nan	nan
1165	715.42	359.67	5.0	19.964	20.715
1166	551.41	364.96	5.0	16.857	17.764
1167	313.50	362.25	5.0	18.630	19.984
1168	590.25	362.64	5.0	20.060	21.284
1169	303.91	364.27	5.0	17.847	18.873
1170	627.79	367.24	5.0	15.525	16.218
1171	680.83	362.67	5.0	19.355	21.179
1172	142.75	364.50	5.0	20.096	21.398
1173	403.58	365.83	5.0	18.665	20.120
1174	460.67	364.67	5.0	19.441	20.805
1175	282.96	366.89	5.0	17.864	19.421
1176	288.40	366.27	5.0	18.351	19.480
1177	314.00	364.00	5.0	19.242	20.285
1178	450.17	366.73	5.0	17.825	19.214
1179	567.92	366.33	5.0	18.874	20.202
1180	610.19	366.67	5.0	19.021	20.944
1181	668.83	365.67	5.0	20.178	21.496
1182	124.90	367.62	5.0	18.610	19.444
1183	560.80	367.90	5.0	18.087	19.792
1184	584.10	372.27	5.0	16.384	16.836
1185	648.22	368.14	5.0	19.080	20.483
1186	660.08	367.50	5.0	18.679	20.211
1187	524.67	367.67	5.0	19.485	21.068
1188	592.94	369.08	5.0	19.562	22.388
1189	681.50	367.50	5.0	19.959	21.123
1190	76.81	369.44	5.0	19.040	20.281
1191	296.75	368.50	5.0	20.541	21.272
1192	381.05	369.40	5.0	18.657	19.660
1193	456.08	371.36	5.0	16.453	17.043
1194	699.19	369.81	5.0	18.503	19.942
1195	91.39	375.86	5.0	16.313	17.218
1196	178.77	370.13	5.0	18.765	20.225
1197	531.89	370.50	5.0	18.551	20.365
1198	692.19	371.00	5.0	18.531	20.161
1199	230.67	371.33	5.0	19.494	20.589
1200	250.25	371.00	5.0	18.981	20.337
1201	368.50	371.89	5.0	18.494	19.847
1202	414.27	371.73	5.0	19.054	20.291
1203	613.17	371.50	5.0	19.744	20.575
1204	387.73	372.60	5.0	18.643	19.931
1205	404.60	372.62	5.0	17.780	18.975
1206	564.08	372.56	5.0	18.442	19.936
1207	436.50	372.50	5.0	20.265	21.521
1208	659.01	378.06	5.0	15.475	16.530
1209	176.75	373.50	5.0	18.913	20.090
1210	751.25	374.00	5.0	18.897	20.290
1211	101.75	374.75	5.0	24.071	22.498
1212	159.50	375.50	5.0	19.377	20.682
1213	192.82	375.11	5.0	18.370	20.137
1214	197.74	375.19	5.0	18.337	19.722
1215	475.91	376.79	5.0	17.586	19.101
1216	531.10	376.35	5.0	18.104	19.236
1217	647.29	376.12	5.0	18.185	19.323
1218	740.06	376.01	5.0	17.726	18.851
1219	125.50	376.25	5.0	20.278	21.276
1220	171.96	377.36	5.0	18.966	20.282
1221	345.67	376.81	5.0	18.348	19.838
1222	731.95	376.85	5.0	18.307	19.771
1223	113.50	376.75	5.0	19.278	20.762
1224	578.39	376.75	5.0	18.106	18.789
1225	155.67	378.33	5.0	18.994	20.415
1226	227.73	378.27	5.0	18.704	20.223
1227	240.75	377.50	5.0	20.419	21.660
1228	459.75	377.50	5.0	18.592	18.812
1229	526.80	378.70	5.0	18.232	19.693
1230	587.25	378.25	5.0	17.798	17.356
1231	76.25	378.75	5.0	19.596	21.242
1232	652.40	379.60	5.0	18.124	19.294
1233	374.75	379.50	5.0	20.297	21.381
1234	397.27	380.73	5.0	18.583	20.173
1235	455.25	380.00	5.0	18.592	19.883
1236	496.82	382.46	5.0	17.006	18.009
1237	287.50	381.89	5.0	18.721	20.572
1238	346.25	380.50	5.0	18.575	19.738
1239	584.84	381.73	5.0	18.024	18.879
1240	715.75	382.25	5.0	19.104	20.257
1241	69.33	383.08	5.0	19.552	20.705
1242	135.75	383.00	5.0	19.142	20.651
1243	369.50	383.38	5.0	19.723	21.283
1244	522.83	382.67	5.0	18.856	20.397
1245	769.68	383.65	5.0	18.291	19.638
1246	509.04	384.76	5.0	18.700	19.760
1247	643.19	384.81	5.0	18.442	20.249
1248	709.12	385.61	5.0	17.144	18.144
1249	153.26	386.63	5.0	17.741	19.050
1250	521.75	384.50	5.0	19.131	20.695
1251	633.56	385.19	5.0	19.262	20.255
1252	135.50	384.25	5.0	18.628	20.124
1253	214.50	385.75	5.0	20.296	21.025
1254	797.75	386.50	5.0	18.791	20.858
1255	100.65	388.13	5.0	17.562	18.382
1256	239.75	387.17	5.0	19.409	20.552
1257	254.75	387.89	5.0	18.638	20.130
1258	284.45	388.93	5.0	17.562	19.086
1259	290.07	387.82	5.0	18.139	18.961
1260	132.73	388.27	5.0	18.478	19.801
1261	364.19	388.56	5.0	18.808	20.154
1262	329.19	389.19	5.0	18.678	20.087
1263	420.67	389.33	5.0	20.020	20.870
1264	548.49	393.96	5.0	16.041	16.591
1265	644.16	389.38	5.0	18.252	19.545
1266	666.67	389.33	5.0	19.702	22.019
1267	269.80	391.35	5.0	17.788	19.547
1268	312.50	390.25	5.0	20.208	20.795
1269	374.33	390.33	5.0	18.640	20.262
1270	399.46	390.67	5.0	17.956	19.598
1271	775.17	390.42	5.0	18.382	19.836
1272	184.50	391.38	5.0	19.247	20.615
1273	307.00	390.75	5.0	19.592	20.947
1274	384.08	391.25	5.0	19.180	20.615
1275	442.30	393.79	5.0	15.579	17.206
1276	739.75	391.25	5.0	19.781	21.398
1277	73.35	393.10	5.0	19.255	20.475
1278	370.50	392.25	5.0	17.934	19.664
1279	580.75	391.50	5.0	23.464	23.271
1280	52.56	393.29	5.0	18.391	19.682
1281	531.42	393.96	5.0	18.363	20.072
1282	687.94	393.56	5.0	18.699	19.657
1283	128.13	394.77	5.0	18.729	20.271
1284	343.67	394.33	5.0	20.076	21.429
1285	712.36	394.34	5.0	18.335	19.716
1286	124.75	394.50	5.0	18.719	20.437
1287	322.25	395.00	5.0	19.452	20.702
1288	498.67	395.44	5.0	18.344	19.550
1289	572.40	395.60	5.0	18.504	20.069
1290	612.25	396.00	5.0	19.142	19.797
1291	639.75	395.25	5.0	19.079	23.972
1292	773.12	395.38	5.0	18.160	19.146
1293	779.40	395.52	5.0	18.373	19.287
1294	273.75	395.75	5.0	18.572	19.923
1295	288.12	396.06	5.0	18.601	19.849
1296	350.00	396.50	5.0	19.189	20.659
1297	371.25	397.00	5.0	18.122	19.406
1298	399.74	396.61	5.0	17.898	18.864
1299	584.75	396.25	5.0	19.453	21.471
1300	658.68	399.17	5.0	16.201	16.896
1301	116.75	396.50	5.0	19.644	20.763
1302	118.25	396.50	5.0	19.794	20.840
1303	395.25	397.11	5.0	17.949	19.288
1304	78.75	397.50	5.0	20.522	21.270
1305	133.05	399.85	5.0	19.100	20.348
1306	232.75	398.50	5.0	19.398	20.595
1307	434.89	399.50	5.0	18.382	20.075
1308	436.75	399.25	5.0	18.310	19.833
1309	723.58	399.89	5.0	17.693	19.348
1310	737.55	400.71	5.0	17.784	18.906
1311	239.50	400.23	5.0	18.614	19.901
1312	369.75	399.75	5.0	18.197	19.520
1313	639.65	403.05	5.0	15.915	16.950
1314	498.83	400.67	5.0	19.234	19.850
1315	646.67	401.33	5.0	20.902	21.163
1316	788.75	400.75	5.0	19.704	20.808
1317	194.75	401.50	5.0	20.041	21.376
1318	338.75	402.00	5.0	19.611	20.867
1319	532.68	402.98	5.0	18.327	19.809
1320	578.87	403.25	5.0	18.230	19.753
1321	615.60	401.70	5.0	19.083	20.545
1322	747.75	402.00	5.0	18.907	20.541
1323	310.60	403.30	5.0	19.425	20.692
1324	471.75	402.50	5.0	19.494	20.801
1325	554.17	403.42	5.0	19.084	20.414
1326	150.19	404.81	5.0	18.465	19.583
1327	211.19	404.67	5.0	18.900	20.257
1328	268.81	404.67	5.0	18.825	20.154
1329	278.50	403.75	5.0	20.062	21.717
1330	356.50	405.05	5.0	18.637	19.991
1331	448.50	404.50	5.0	19.438	21.255
1332	457.64	404.04	5.0	18.672	20.204
1333	599.75	404.47	5.0	18.215	19.722
1334	674.64	404.75	5.0	19.184	20.763
1335	719.75	404.00	5.0	19.046	20.447
1336	129.25	405.11	5.0	18.833	20.175
1337	178.70	405.60	5.0	18.645	20.055
1338	434.75	404.50	5.0	19.467	20.407
1339	529.00	405.25	5.0	17.783	18.564
1340	70.75	405.50	5.0	20.523	21.348
1341	305.67	406.33	5.0	19.862	20.946
1342	60.25	407.00	5.0	19.509	20.626
1343	175.85	407.30	5.0	18.530	19.974
1344	524.51	410.13	5.0	16.047	16.231
1345	735.67	407.33	5.0	19.114	20.366
1346	82.75	409.00	5.0	18.656	19.810
1347	227.23	407.87	5.0	19.113	20.322
1348	646.82	413.72	5.0	16.407	17.138
1349	442.25	409.11	5.0	18.666	20.429
1350	455.25	409.25	5.0	18.993	20.272
1351	483.93	409.98	5.0	17.909	19.347
1352	665.64	409.25	5.0	18.853	20.395
1353	94.89	410.75	5.0	18.744	20.174
1354	188.50	410.50	5.0	19.411	20.556
1355	493.00	410.25	5.0	18.994	20.514
1356	752.58	410.56	5.0	18.394	19.373
1357	96.75	410.75	5.0	18.758	20.219
1358	252.75	411.50	5.0	19.079	20.548
1359	291.50	411.50	5.0	19.157	20.851
1360	537.75	412.25	5.0	20.654	nan
1361	718.17	412.42	5.0	19.427	20.631
1362	310.75	413.00	5.0	19.334	20.554
1363	512.47	413.19	5.0	18.718	20.480
1364	555.50	413.00	5.0	19.364	21.428
1365	296.40	415.05	5.0	18.271	19.494
1366	345.50	413.50	5.0	20.174	21.439
1367	585.00	414.00	5.0	19.151	20.438
1368	235.00	414.50	5.0	19.913	20.948
1369	387.33	415.19	5.0	18.924	20.402
1370	479.32	416.32	5.0	17.214	17.983
1371	57.68	417.61	5.0	18.854	20.285
1372	252.00	415.75	5.0	19.003	20.339
1373	339.05	417.00	5.0	18.349	19.828
1374	378.83	415.67	5.0	19.991	21.179
1375	468.25	417.00	5.0	18.406	19.989
1376	546.82	417.13	5.0	17.819	19.227
1377	562.31	416.44	5.0	18.671	20.253
1378	579.75	416.00	5.0	19.257	20.681
1379	734.25	416.00	5.0	18.901	20.478
1380	759.10	416.81	5.0	18.701	19.960
1381	68.67	417.81	5.0	19.075	20.465
1382	317.25	416.50	5.0	20.060	21.326
1383	473.75	417.00	5.0	18.121	19.286
1384	664.50	417.00	5.0	19.252	20.802
1385	683.38	418.08	5.0	17.609	18.914
1386	329.56	418.81	5.0	18.773	20.170
1387	356.75	418.25	5.0	19.263	20.595
1388	534.69	419.28	5.0	17.498	18.276
1389	291.25	419.00	5.0	18.710	20.051
1390	609.73	420.93	5.0	18.195	19.771
1391	176.50	419.62	5.0	19.392	20.653
1392	282.15	420.05	5.0	19.150	20.590
1393	362.75	420.25	5.0	19.337	20.636
1394	508.11	420.50	5.0	18.752	20.380
1395	178.75	420.50	5.0	19.480	20.713
1396	393.50	420.75	5.0	18.792	20.357
1397	423.89	421.50	5.0	18.758	20.215
1398	595.25	420.75	5.0	19.821	21.119
1399	108.88	422.50	5.0	19.424	20.580
1400	232.73	422.27	5.0	18.839	20.210
1401	347.50	422.38	5.0	19.660	20.697
1402	382.75	421.50	5.0	20.459	21.832
1403	515.00	422.25	5.0	19.532	20.845
1404	550.50	422.64	5.0	18.459	19.941
1405	620.38	423.75	5.0	16.741	17.873
1406	655.35	421.70	5.0	19.569	20.846
1407	391.67	423.17	5.0	18.904	20.434
1408	216.75	423.75	5.0	19.889	21.233
1409	737.70	424.85	5.0	18.766	20.566
1410	401.10	426.70	5.0	17.130	17.824
1411	583.67	425.33	5.0	19.775	21.383
1412	727.57	425.25	5.0	18.820	20.109
1413	373.75	426.00	5.0	19.467	21.299
1414	414.75	426.25	5.0	20.112	21.520
1415	528.25	427.50	5.0	19.567	20.766
1416	687.75	427.00	5.0	19.747	21.231
1417	698.82	427.31	5.0	18.039	19.449
1418	777.79	428.36	5.0	18.113	19.263
1419	56.70	428.60	5.0	19.593	20.707
1420	309.80	429.64	5.0	18.681	20.044
1421	466.83	428.67	5.0	18.983	20.374
1422	554.04	429.11	5.0	18.627	20.072
1423	605.75	429.00	5.0	19.243	20.726
1424	722.75	429.25	5.0	19.622	20.735
1425	752.75	430.25	5.0	18.587	20.183
1426	243.89	430.50	5.0	19.068	20.350
1427	393.17	430.42	5.0	18.032	19.613
1428	680.50	430.25	5.0	18.570	20.351
1429	738.12	431.19	5.0	18.623	20.065
1430	114.64	432.38	5.0	16.811	17.423
1431	620.56	431.56	5.0	18.448	19.836
1432	772.00	430.75	5.0	19.229	20.826
1433	174.50	432.11	5.0	18.715	20.329
1434	387.75	431.75	5.0	18.205	20.171
1435	464.10	432.90	5.0	18.517	19.756
1436	593.14	433.57	5.0	17.550	19.091
1437	223.00	432.75	5.0	19.838	20.907
1438	290.75	433.25	5.0	19.736	20.869
1439	391.50	433.62	5.0	18.040	19.556
1440	404.75	433.50	5.0	19.468	20.242
1441	423.67	433.33	5.0	20.091	21.134
1442	443.50	432.62	5.0	19.721	20.900
1443	575.13	433.77	5.0	19.246	20.864
1444	633.50	433.38	5.0	17.338	18.970
1445	258.24	434.26	5.0	18.142	19.729
1446	541.36	434.83	5.0	18.703	20.338
1447	653.50	434.00	5.0	18.769	20.814
1448	683.07	433.87	5.0	18.734	20.090
1449	765.31	434.44	5.0	18.378	19.509
1450	175.00	433.25	5.0	18.736	20.332
1451	204.81	438.81	5.0	15.566	17.366
1452	641.58	436.12	5.0	18.254	19.788
1453	633.27	437.61	5.0	17.388	18.469
1454	516.85	437.80	5.0	18.165	19.730
1455	536.75	438.00	5.0	19.347	21.050
1456	653.50	435.75	5.0	18.656	20.193
1457	716.67	437.67	5.0	23.437	21.859
1458	788.83	437.67	5.0	19.264	20.813
1459	381.03	441.51	5.0	16.426	16.870
1460	590.83	439.33	5.0	18.815	19.973
1461	673.06	438.94	5.0	18.877	20.728
1462	776.22	440.16	5.0	17.403	18.937
1463	258.50	440.00	5.0	19.196	20.277
1464	660.30	442.52	5.0	16.430	16.786
1465	751.10	442.25	5.0	16.866	17.866
1466	166.75	441.89	5.0	18.851	20.128
1467	273.67	441.33	5.0	19.303	20.980
1468	370.75	440.50	5.0	19.913	21.355
1469	516.67	441.33	5.0	18.313	19.658
1470	178.33	443.18	5.0	17.962	18.790
1471	304.09	442.09	5.0	18.260	19.632
1472	348.12	442.50	5.0	19.292	20.543
1473	588.75	441.50	5.0	19.152	20.575
1474	690.33	442.17	5.0	19.750	21.351
1475	211.50	443.11	5.0	18.554	19.731
1476	241.33	442.67	5.0	20.170	21.261
1477	349.25	442.50	5.0	19.267	20.539
1478	448.75	444.00	5.0	17.793	19.295
1479	648.83	443.33	5.0	nan	nan
1480	680.50	444.00	5.0	18.966	20.646
1481	184.25	445.50	5.0	19.613	19.794
1482	393.67	446.33	5.0	19.970	21.755
1483	523.60	445.95	5.0	19.106	20.516
1484	635.93	446.76	5.0	18.641	20.075
1485	708.71	446.39	5.0	17.978	19.345
1486	207.34	447.87	5.0	18.040	19.480
1487	274.11	447.50	5.0	18.301	19.829
1488	299.81	447.81	5.0	18.481	19.726
1489	334.75	447.25	5.0	19.302	20.593
1490	428.75	447.00	5.0	19.617	21.316
1491	627.23	447.27	5.0	18.842	19.857
1492	85.73	448.27	5.0	18.515	19.982
1493	249.75	447.50	5.0	20.900	21.431
1494	418.84	448.94	5.0	17.842	18.735
1495	467.58	448.36	5.0	18.149	19.548
1496	504.63	449.15	5.0	18.196	19.539
1497	562.25	448.50	5.0	18.896	20.129
1498	354.00	448.75	5.0	18.783	20.541
1499	367.33	448.92	5.0	19.346	21.894
1500	472.17	449.42	5.0	18.539	19.701
1501	595.73	449.27	5.0	18.653	20.168
1502	149.26	450.50	5.0	18.242	19.363
1503	197.40	451.05	5.0	18.606	19.877
1504	232.40	450.05	5.0	19.355	20.575
1505	665.17	451.45	5.0	18.122	19.487
1506	273.50	451.38	5.0	18.456	19.937
1507	459.58	451.58	5.0	19.290	20.896
1508	612.75	450.75	5.0	19.421	21.664
1509	640.07	454.21	5.0	16.130	16.573
1510	265.36	452.92	5.0	17.429	18.082
1511	294.67	452.33	5.0	19.412	20.439
1512	377.10	452.06	5.0	18.996	19.826
1513	562.25	450.00	5.0	18.933	20.133
1514	581.67	452.33	5.0	19.549	21.128
1515	96.50	452.50	5.0	21.545	21.782
1516	356.60	452.95	5.0	18.489	19.926
1517	427.56	454.00	5.0	18.576	19.748
1518	517.87	453.77	5.0	19.273	20.608
1519	619.10	453.27	5.0	17.996	19.901
1520	623.31	454.19	5.0	18.409	19.560
1521	731.05	454.40	5.0	19.155	20.453
1522	359.75	454.50	5.0	18.850	20.559
1523	417.27	458.01	5.0	15.888	16.956
1524	430.67	455.33	5.0	18.742	19.863
1525	546.80	455.15	5.0	18.677	20.080
1526	608.50	455.89	5.0	17.718	19.387
1527	714.25	454.75	5.0	19.244	20.747
1528	55.33	456.33	5.0	19.183	21.188
1529	210.40	456.05	5.0	19.346	21.150
1530	323.05	456.40	5.0	19.350	20.976
1531	496.60	455.95	5.0	18.643	20.299
1532	555.35	455.70	5.0	18.812	20.189
1533	689.42	456.22	5.0	18.274	19.507
1534	275.25	458.44	5.0	18.156	19.490
1535	311.50	456.50	5.0	20.066	21.466
1536	316.50	456.75	5.0	19.515	20.638
1537	461.50	457.00	5.0	19.878	21.267
1538	531.57	457.73	5.0	18.549	20.127
1539	354.00	459.10	5.0	17.834	19.895
1540	370.50	457.62	5.0	nan	nan
1541	460.75	457.50	5.0	19.942	21.311
1542	604.90	458.48	5.0	17.676	19.265
1543	722.68	458.89	5.0	18.422	19.675
1544	383.67	458.67	5.0	19.219	21.204
1545	522.60	459.50	5.0	19.316	21.018
1546	612.83	458.67	5.0	20.493	20.595
1547	797.75	458.50	5.0	19.973	20.944
1548	248.50	460.38	5.0	18.969	20.653
1549	362.67	460.33	5.0	nan	23.820
1550	438.31	460.95	5.0	17.935	19.567
1551	472.17	460.42	5.0	19.074	20.528
1552	698.97	460.23	5.0	19.099	20.821
1553	331.60	461.05	5.0	19.155	21.171
1554	355.75	459.75	5.0	17.724	19.636
1555	389.75	460.50	5.0	19.903	21.651
1556	568.75	461.00	5.0	19.207	21.022
1557	670.50	460.75	5.0	21.228	22.208
1558	688.33	461.81	5.0	18.226	19.091
1559	97.81	462.19	5.0	18.771	20.066
1560	252.50	462.25	5.0	19.330	20.418
1561	683.30	463.05	5.0	17.824	19.097
1562	218.00	463.00	5.0	19.298	20.750
1563	287.08	462.92	5.0	19.637	20.887
1564	303.75	462.50	5.0	20.170	21.058
1565	355.09	464.68	5.0	17.929	19.621
1566	381.05	463.40	5.0	18.653	20.377
1567	556.75	462.75	5.0	20.203	21.137
1568	169.73	464.27	5.0	18.847	20.159
1569	406.21	466.13	5.0	16.969	17.708
1570	467.11	466.00	5.0	17.495	18.376
1571	485.08	465.56	5.0	18.420	19.969
1572	624.20	466.15	5.0	18.394	20.003
1573	206.35	470.29	5.0	15.892	16.892
1574	700.75	466.25	5.0	20.007	21.337
1575	746.45	467.10	5.0	18.728	20.090
1576	275.58	467.33	5.0	19.230	20.949
1577	384.75	466.50	5.0	19.273	20.439
1578	447.75	467.00	5.0	19.678	21.467
1579	523.83	467.33	5.0	19.701	21.678
1580	567.61	466.71	5.0	19.055	20.432
1581	576.35	467.03	5.0	18.121	19.615
1582	368.41	470.72	5.0	15.956	16.966
1583	418.33	468.92	5.0	19.696	20.783
1584	712.75	468.42	5.0	18.305	19.815
1585	719.19	468.81	5.0	17.390	19.163
1586	328.08	469.81	5.0	18.283	19.928
1587	339.14	474.26	5.0	15.550	16.345
1588	600.75	469.00	5.0	18.688	20.783
1589	762.36	469.34	5.0	18.579	19.760
1590	91.00	469.50	5.0	19.093	21.068
1591	282.50	470.89	5.0	18.945	20.282
1592	390.89	470.75	5.0	18.688	20.217
1593	605.93	470.76	5.0	18.802	19.948
1594	142.92	471.08	5.0	18.468	20.026
1595	437.77	471.14	5.0	19.087	19.860
1596	478.92	471.08	5.0	18.862	20.773
1597	673.11	471.50	5.0	18.906	20.370
1598	723.49	472.31	5.0	17.143	18.136
1599	536.50	472.42	5.0	17.651	19.176
1600	540.95	473.13	5.0	17.483	18.604
1601	735.83	471.67	5.0	19.079	20.518
1602	448.17	473.75	5.0	18.736	20.116
1603	530.87	473.77	5.0	19.448	20.311
1604	548.05	474.14	5.0	17.681	19.222
1605	692.46	473.24	5.0	18.511	19.881
1606	429.38	473.88	5.0	19.295	20.798
1607	449.83	473.92	5.0	18.774	20.126
1608	483.10	474.84	5.0	17.732	19.244
1609	525.25	474.25	5.0	19.059	20.665
1610	651.25	474.89	5.0	18.724	20.273
1611	329.87	475.88	5.0	18.759	19.540
1612	471.58	475.83	5.0	19.885	21.078
1613	596.99	478.09	5.0	15.760	16.901
1614	626.60	474.95	5.0	18.965	20.027
1615	776.67	475.33	5.0	20.256	21.705
1616	142.84	477.19	5.0	17.587	18.352
1617	154.00	476.50	5.0	19.299	20.984
1618	400.11	476.50	5.0	19.312	21.189
1619	496.58	478.35	5.0	18.184	19.660
1620	509.52	476.89	5.0	18.356	19.850
1621	665.50	476.28	5.0	18.783	20.180
1622	736.00	475.50	5.0	19.325	20.721
1623	391.89	477.50	5.0	18.817	20.382
1624	538.77	477.68	5.0	18.248	18.858
1625	622.50	477.00	5.0	18.776	20.073
1626	797.25	477.50	5.0	19.233	20.715
1627	412.75	478.25	5.0	20.050	21.524
1628	479.75	478.25	5.0	18.478	19.834
1629	490.31	478.19	5.0	18.275	20.072
1630	616.21	479.29	5.0	18.156	19.820
1631	752.33	479.15	5.0	18.433	19.776
1632	250.75	479.89	5.0	18.609	20.092
1633	693.75	478.50	5.0	19.500	20.136
1634	212.14	480.04	5.0	19.091	20.511
1635	565.69	480.90	5.0	17.637	18.612
1636	714.67	480.81	5.0	18.574	19.937
1637	549.83	480.67	5.0	18.881	19.899
1638	171.98	484.45	5.0	16.421	16.824
1639	467.67	482.33	5.0	19.988	20.994
1640	518.75	482.26	5.0	18.906	19.592
1641	702.56	482.31	5.0	18.590	20.103
1642	284.65	484.10	5.0	18.398	19.224
1643	325.60	484.70	5.0	17.978	19.501
1644	362.88	483.38	5.0	18.691	21.516
1645	434.50	482.75	5.0	20.563	21.852
1646	636.98	483.29	5.0	18.302	19.787
1647	789.00	483.39	5.0	18.228	20.091
1648	393.57	484.11	5.0	19.128	20.733
1649	697.23	484.27	5.0	18.157	19.772
1650	364.00	484.25	5.0	18.720	21.529
1651	478.64	485.50	5.0	20.157	21.967
1652	632.64	485.75	5.0	18.263	19.715
1653	535.15	486.30	5.0	19.413	20.628
1654	778.05	486.40	5.0	17.540	19.580
1655	797.36	486.67	5.0	18.411	19.966
1656	102.08	487.81	5.0	18.632	19.788
1657	347.50	487.89	5.0	18.402	20.312
1658	357.00	487.25	5.0	19.230	20.752
1659	465.33	486.67	5.0	19.068	20.761
1660	581.75	487.00	5.0	18.762	21.131
1661	627.92	486.92	5.0	18.671	20.351
1662	734.80	487.40	5.0	19.206	20.526
1663	386.75	488.00	5.0	19.031	20.318
1664	782.86	490.55	5.0	15.897	16.973
1665	787.60	487.95	5.0	17.173	18.155
1666	213.75	489.89	5.0	18.560	19.685
1667	262.75	489.25	5.0	20.017	21.331
1668	293.19	489.92	5.0	18.613	20.033
1669	669.25	489.50	5.0	19.460	21.047
1670	474.63	491.46	5.0	18.506	19.590
1671	519.50	490.00	5.0	17.909	19.556
1672	274.33	490.67	5.0	20.005	21.007
1673	383.33	490.67	5.0	18.937	20.228
1674	523.76	494.65	5.0	15.954	16.886
1675	555.75	490.50	5.0	nan	nan
1676	580.70	491.60	5.0	18.155	19.792
1677	130.50	491.50	5.0	19.741	21.261
1678	350.00	491.75	5.0	18.826	20.170
1679	488.94	494.96	5.0	16.607	17.289
1680	499.75	491.50	5.0	nan	23.007
1681	681.75	492.00	5.0	19.213	20.654
1682	757.75	492.00	5.0	19.427	20.571
1683	157.53	497.01	5.0	15.891	16.486
1684	322.75	493.00	5.0	19.406	21.267
1685	463.75	493.25	5.0	20.014	21.064
1686	567.06	494.28	5.0	17.179	18.192
1687	612.04	493.87	5.0	18.410	20.029
1688	437.94	497.29	5.0	17.952	19.531
1689	546.60	493.95	5.0	19.247	21.421
1690	584.17	494.42	5.0	18.626	19.947
1691	268.83	495.17	5.0	18.928	20.227
1692	329.33	494.92	5.0	19.797	20.765
1693	452.76	497.22	5.0	17.787	18.624
1694	459.75	495.75	5.0	20.033	20.817
1695	252.25	497.25	5.0	18.949	20.250
1696	167.33	497.67	5.0	19.666	20.898
1697	194.58	498.58	5.0	18.461	19.896
1698	288.08	499.25	5.0	19.118	20.502
1699	654.00	498.00	5.0	18.747	20.197
1700	662.43	498.53	5.0	18.069	19.184
1701	676.64	497.96	5.0	18.868	20.431
1702	734.00	497.00	5.0	16.221	21.332
1703	745.05	498.60	5.0	18.981	20.319
1704	190.70	501.60	5.0	18.321	19.852
1705	225.92	500.33	5.0	19.065	20.510
1706	373.50	500.00	5.0	17.650	20.134
1707	509.08	499.67	5.0	19.122	20.652
1708	556.29	501.54	5.0	18.124	19.998
1709	591.56	501.02	5.0	17.099	18.014
1710	99.00	500.75	5.0	19.796	21.038
1711	333.89	501.43	5.0	18.237	19.317
1712	536.37	505.50	5.0	15.605	15.481
1713	566.05	501.40	5.0	18.992	20.006
1714	342.26	505.14	5.0	15.414	15.672
1715	359.67	502.33	5.0	19.514	20.914
1716	380.50	501.75	5.0	20.224	21.516
1717	232.58	503.58	5.0	19.468	20.713
1718	326.75	503.00	5.0	19.164	20.935
1719	426.50	503.00	5.0	19.373	20.957
1720	466.87	503.88	5.0	18.909	20.186
1721	612.75	503.25	5.0	20.003	21.601
1722	625.00	504.15	5.0	18.534	20.386
1723	670.25	504.50	5.0	20.005	21.504
1724	723.50	504.50	5.0	20.936	21.352
1725	524.47	506.78	5.0	18.319	19.935
1726	458.75	507.25	5.0	19.066	20.919
1727	489.75	506.50	5.0	19.657	20.895
1728	178.78	509.10	5.0	18.230	19.527
1729	500.08	508.81	5.0	18.514	20.084
1730	659.83	508.82	5.0	18.341	20.160
1731	717.05	508.40	5.0	19.252	20.763
1732	132.84	509.60	5.0	18.652	19.873
1733	587.50	508.75	5.0	19.953	22.017
1734	122.65	511.60	5.0	17.758	19.002
1735	645.75	509.75	5.0	20.047	nan
1736	783.75	509.50	5.0	17.857	19.507
1737	81.50	511.89	5.0	18.997	20.342
1738	454.67	513.70	5.0	15.683	17.031
1739	459.50	509.25	5.0	18.316	19.807
1740	485.00	510.75	5.0	19.290	20.691
1741	527.08	510.67	5.0	19.130	19.804
1742	636.00	510.50	5.0	19.955	21.454
1743	732.75	510.50	5.0	19.069	20.131
1744	770.50	510.50	5.0	19.182	20.871
1745	788.50	513.69	5.0	16.291	16.841
1746	465.50	512.00	5.0	19.102	20.740
1747	706.75	511.75	5.0	19.941	21.780
1748	200.74	513.19	5.0	18.683	20.274
1749	712.83	512.67	5.0	19.622	20.758
1750	604.40	514.27	5.0	18.850	20.295
1751	615.33	513.92	5.0	18.952	20.278
1752	677.31	514.44	5.0	18.816	20.121
1753	700.25	513.62	5.0	19.416	21.092
1754	729.17	516.50	5.0	16.661	17.204
1755	206.05	515.60	5.0	19.056	20.200
1756	314.33	515.81	5.0	18.827	20.338
1757	421.56	516.33	5.0	18.578	20.280
1758	772.75	514.50	5.0	19.508	21.853
1759	105.92	515.67	5.0	19.647	20.923
1760	397.14	520.62	5.0	15.655	16.027
1761	411.67	516.33	5.0	nan	22.193
1762	684.75	516.00	5.0	18.942	20.668
1763	194.05	517.40	5.0	19.605	20.710
1764	243.08	516.67	5.0	19.951	21.049
1765	323.83	516.67	5.0	19.960	21.837
1766	512.50	517.25	5.0	18.871	21.051
1767	624.80	518.40	5.0	18.781	21.261
1768	449.00	519.50	5.0	18.566	20.348
1769	517.60	519.05	5.0	18.711	20.396
1770	523.96	519.33	5.0	18.265	19.384
1771	646.65	521.93	5.0	15.861	15.979
1772	273.79	524.40	5.0	15.877	17.032
1773	478.33	521.23	5.0	17.987	19.592
1774	495.73	520.27	5.0	18.606	20.535
1775	573.17	520.42	5.0	18.785	20.527
1776	76.42	521.17	5.0	19.339	20.403
1777	111.95	521.40	5.0	19.466	20.696
1778	488.12	524.95	5.0	17.647	18.933
1779	581.18	523.67	5.0	16.643	17.081
1780	673.75	520.50	5.0	19.848	21.517
1781	690.50	520.50	5.0	19.856	21.938
1782	208.60	521.70	5.0	19.834	20.844
1783	507.25	522.00	5.0	19.689	22.384
1784	590.40	521.70	5.0	19.012	20.823
1785	632.15	524.25	5.0	16.824	17.311
1786	657.55	522.94	5.0	18.011	19.103
1787	768.75	521.75	5.0	19.080	20.663
1788	741.60	524.00	5.0	18.641	20.262
1789	764.75	522.50	5.0	19.316	21.026
1790	264.90	525.10	5.0	18.275	19.677
1791	775.28	525.44	5.0	17.875	19.356
1792	393.50	524.62	5.0	17.417	17.701
1793	415.75	524.75	5.0	18.383	20.115
1794	706.01	526.05	5.0	18.136	19.270
1795	751.17	525.33	5.0	18.692	20.140
1796	280.50	526.50	5.0	18.705	18.999
1797	384.43	526.38	5.0	18.739	20.160
1798	421.56	526.19	5.0	20.009	20.742
1799	496.19	526.81	5.0	18.337	19.726
1800	64.44	527.66	5.0	18.072	19.311
1801	244.00	527.25	5.0	18.580	19.949
1802	257.08	528.78	5.0	17.703	18.898
1803	413.25	527.11	5.0	18.399	20.014
1804	537.22	528.82	5.0	17.439	18.638
1805	562.32	528.22	5.0	17.448	19.120
1806	89.50	527.50	5.0	19.524	21.018
1807	178.33	527.67	5.0	19.326	21.046
1808	467.38	529.27	5.0	17.239	18.752
1809	621.60	528.05	5.0	20.264	21.134
1810	370.33	529.33	5.0	19.807	20.794
1811	449.70	529.32	5.0	18.083	19.159
1812	493.00	528.75	5.0	17.898	19.320
1813	600.58	529.58	5.0	19.354	21.485
1814	613.67	529.08	5.0	19.192	20.565
1815	658.31	529.19	5.0	18.557	19.979
1816	685.52	530.83	5.0	17.012	18.039
1817	587.60	529.95	5.0	19.157	20.346
1818	92.50	530.50	5.0	18.703	20.119
1819	179.50	529.25	5.0	19.695	21.441
1820	310.35	534.99	5.0	16.519	17.162
1821	330.67	531.33	5.0	18.252	19.707
1822	629.50	530.50	5.0	19.009	19.876
1823	715.83	530.67	5.0	20.164	22.065
1824	229.19	532.33	5.0	18.789	20.112
1825	341.60	531.70	5.0	19.236	20.830
1826	506.31	532.19	5.0	18.518	19.913
1827	561.79	529.88	5.0	17.496	19.093
1828	652.50	532.50	5.0	19.268	20.421
1829	762.58	535.96	5.0	15.697	16.675
1830	784.02	532.33	5.0	18.466	20.327
1831	135.08	532.67	5.0	19.654	20.724
1832	171.00	532.75	5.0	19.728	21.008
1833	430.30	536.37	5.0	15.923	16.963
1834	89.89	534.25	5.0	18.556	19.898
1835	245.05	534.40	5.0	18.617	20.240
1836	336.80	534.40	5.0	17.309	19.438
1837	517.41	535.98	5.0	17.104	18.105
1838	545.81	535.06	5.0	17.806	19.459
1839	690.40	534.30	5.0	18.125	18.562
1840	295.50	535.00	5.0	18.976	20.541
1841	468.75	536.05	5.0	18.390	19.760
1842	476.75	534.50	5.0	18.893	20.724
1843	552.05	535.40	5.0	18.941	20.612
1844	586.40	535.30	5.0	19.922	21.314
1845	653.50	533.50	5.0	19.082	20.356
1846	792.75	535.00	5.0	19.183	20.661
1847	188.75	535.75	5.0	20.555	21.516
1848	258.67	536.33	5.0	19.037	20.392
1849	479.60	535.95	5.0	18.832	20.302
1850	657.08	535.67	5.0	20.207	20.537
1851	727.25	536.92	5.0	17.263	18.723
1852	785.17	533.83	5.0	18.460	20.344
1853	241.50	536.50	5.0	18.201	20.217
1854	563.57	537.36	5.0	21.704	20.916
1855	595.56	537.19	5.0	19.282	20.931
1856	668.30	539.78	5.0	17.515	18.947
1857	235.00	537.50	5.0	19.737	21.537
1858	251.75	538.00	5.0	19.128	21.106
1859	290.25	539.22	5.0	18.423	19.757
1860	337.74	541.81	5.0	15.830	16.922
1861	422.08	538.97	5.0	18.169	19.911
1862	554.17	538.42	5.0	18.560	20.570
1863	739.20	538.07	5.0	18.376	19.728
1864	303.56	539.81	5.0	18.308	19.697
1865	570.31	543.89	5.0	15.000	15.382
1866	244.81	541.08	5.0	18.409	19.769
1867	512.33	540.33	5.0	18.688	19.995
1868	541.65	543.30	5.0	15.720	16.953
1869	256.60	541.05	5.0	19.014	20.336
1870	317.75	541.25	5.0	19.613	20.415
1871	474.67	540.67	5.0	20.172	21.364
1872	690.91	541.98	5.0	17.983	19.278
1873	718.40	542.25	5.0	18.004	19.450
1874	427.00	542.00	5.0	18.087	18.633
1875	590.31	543.59	5.0	18.154	19.855
1876	246.25	541.75	5.0	18.505	19.916
1877	379.25	548.65	5.0	15.983	16.927
1878	404.50	543.50	5.0	19.207	20.733
1879	553.83	543.25	5.0	19.506	21.352
1880	114.50	545.50	5.0	18.506	19.911
1881	191.00	546.00	5.0	18.885	20.160
1882	201.52	546.66	5.0	17.368	18.016
1883	263.02	546.07	5.0	17.988	19.652
1884	271.67	544.67	5.0	20.393	21.875
1885	422.92	545.08	5.0	18.721	20.036
1886	655.87	548.81	5.0	16.757	17.595
1887	669.25	545.00	5.0	18.325	19.406
1888	355.92	547.72	5.0	16.577	17.024
1889	491.30	549.23	5.0	16.670	17.364
1890	621.56	546.19	5.0	19.128	20.638
1891	227.81	547.44	5.0	18.485	19.384
1892	83.55	551.00	5.0	16.678	17.195
1893	496.00	547.50	5.0	17.520	17.929
1894	532.15	548.05	5.0	18.330	20.036
1895	781.10	548.90	5.0	18.362	19.594
1896	536.50	549.89	5.0	18.915	19.770
1897	704.00	549.50	5.0	19.416	20.693
1898	265.58	550.58	5.0	18.490	19.477
1899	476.33	549.67	5.0	20.001	22.238
1900	599.45	551.99	5.0	17.570	18.757
1901	770.19	550.81	5.0	18.754	20.553
1902	517.19	551.67	5.0	18.949	20.614
1903	636.06	551.24	5.0	18.097	19.606
1904	727.40	551.60	5.0	18.693	19.996
1905	755.91	551.73	5.0	18.082	19.483
1906	233.50	551.75	5.0	18.805	20.323
1907	353.17	552.42	5.0	18.039	18.499
1908	360.06	553.06	5.0	18.216	18.834
1909	264.62	553.50	5.0	18.619	19.931
1910	328.14	554.08	5.0	18.268	19.845
1911	548.27	553.73	5.0	18.702	20.438
1912	780.67	553.33	5.0	18.941	19.763
1913	448.75	553.50	5.0	20.020	21.277
1914	751.13	555.27	5.0	17.723	19.132
1915	490.33	555.33	5.0	18.620	18.779
1916	631.31	556.08	5.0	18.215	19.681
1917	670.42	555.42	5.0	17.721	19.905
1918	175.50	556.12	5.0	19.786	20.768
1919	192.81	556.33	5.0	19.354	20.443
1920	237.00	556.25	5.0	18.568	19.776
1921	307.00	555.75	5.0	18.550	20.212
1922	703.50	555.50	5.0	20.037	20.779
1923	150.05	557.40	5.0	19.198	20.459
1924	310.60	556.95	5.0	18.728	20.137
1925	400.50	557.00	5.0	18.640	20.311
1926	404.50	557.00	5.0	18.790	20.216
1927	306.25	556.50	5.0	18.575	20.204
1928	330.79	558.14	5.0	18.466	19.643
1929	673.73	560.96	5.0	15.867	16.921
1930	293.75	562.37	5.0	15.775	16.883
1931	422.15	559.30	5.0	19.098	20.609
1932	490.50	557.00	5.0	19.107	20.087
1933	550.75	559.00	5.0	18.912	20.199
1934	652.50	558.50	5.0	18.985	20.920
1935	735.50	559.25	5.0	19.643	20.841
1936	140.50	559.62	5.0	19.729	20.854
1937	245.50	559.50	5.0	19.548	20.754
1938	276.73	560.27	5.0	18.761	20.132
1939	614.75	560.25	5.0	19.503	21.511
1940	627.75	561.25	5.0	18.611	20.107
1941	764.20	564.52	5.0	15.733	16.577
1942	165.50	561.50	5.0	19.616	22.130
1943	344.50	561.50	5.0	19.835	21.552
1944	772.52	563.32	5.0	18.569	19.717
1945	167.00	562.00	5.0	19.518	22.287
1946	569.25	564.00	5.0	18.466	19.983
1947	622.34	564.76	5.0	17.487	18.963
1948	626.50	562.00	5.0	17.758	19.380
1949	649.17	564.92	5.0	17.559	19.040
1950	318.75	563.50	5.0	19.251	21.418
1951	441.25	564.25	5.0	19.427	21.016
1952	515.25	563.62	5.0	19.608	21.039
1953	407.97	565.23	5.0	18.480	19.936
1954	501.83	565.25	5.0	19.073	20.517
1955	636.75	565.50	5.0	19.892	21.472
1956	719.42	565.19	5.0	18.695	20.068
1957	114.89	566.25	5.0	18.574	20.172
1958	152.33	566.67	5.0	20.039	21.173
1959	213.33	566.67	5.0	19.781	20.846
1960	405.05	567.40	5.0	18.522	19.874
1961	596.75	567.25	5.0	19.436	21.172
1962	688.64	567.50	5.0	18.917	20.437
1963	206.75	568.89	5.0	18.125	19.589
1964	432.25	568.25	5.0	19.661	21.386
1965	455.27	568.73	5.0	18.726	19.976
1966	484.97	568.23	5.0	19.070	20.813
1967	609.50	567.50	5.0	nan	nan
1968	756.67	567.67	5.0	18.743	20.057
1969	104.58	569.58	5.0	19.487	20.723
1970	327.50	569.11	5.0	18.800	20.777
1971	760.67	568.67	5.0	17.004	17.503
1972	776.25	569.25	5.0	18.599	20.102
1973	51.50	570.50	5.0	18.878	21.014
1974	491.00	570.50	5.0	19.323	21.456
1975	394.08	571.56	5.0	18.345	19.804
1976	617.19	571.81	5.0	18.667	20.345
1977	675.58	571.17	5.0	18.108	19.714
1978	765.00	571.50	5.0	18.587	18.696
1979	490.25	571.50	5.0	19.293	21.133
1980	525.08	571.67	5.0	18.907	20.881
1981	533.75	572.50	5.0	18.199	19.643
1982	547.75	572.00	5.0	19.372	20.897
1983	207.00	570.75	5.0	18.158	19.599
1984	530.19	573.81	5.0	18.147	19.565
1985	633.75	573.50	5.0	21.917	21.108
1986	691.32	573.36	5.0	17.821	19.048
1987	792.16	574.53	5.0	17.614	18.454
1988	158.50	573.50	5.0	19.899	20.875
1989	448.77	575.48	5.0	18.505	19.917
1990	673.31	574.19	5.0	18.131	19.607
1991	165.98	575.41	5.0	18.109	18.981
1992	562.60	574.70	5.0	18.369	19.906
1993	596.89	575.73	5.0	18.100	19.967
1994	370.75	575.50	5.0	20.157	21.078
1995	422.56	576.31	5.0	18.668	20.164
1996	510.50	575.62	5.0	18.979	20.314
1997	565.84	576.40	5.0	18.296	19.899
1998	684.75	575.75	5.0	18.483	20.071
1999	767.31	576.44	5.0	19.801	20.974
2000	322.58	581.00	5.0	15.943	16.956
2001	393.00	577.00	5.0	19.020	20.013
2002	504.82	577.68	5.0	17.765	18.968
2003	690.56	579.81	5.0	16.200	16.519
2004	797.65	577.98	5.0	18.526	19.701
2005	52.03	578.97	5.0	18.856	20.080
2006	482.00	578.25	5.0	19.458	21.039
2007	517.17	578.17	5.0	18.758	20.372
2008	608.44	580.17	5.0	17.060	18.012
2009	94.33	578.67	5.0	20.161	21.319
2010	779.75	579.00	5.0	19.764	21.171
2011	159.50	580.00	5.0	19.312	20.430
2012	598.17	580.19	5.0	18.553	19.821
2013	112.75	581.11	5.0	18.513	20.223
2014	272.50	580.50	5.0	20.501	21.434
2015	289.33	580.67	5.0	19.835	21.012
2016	436.75	580.50	5.0	20.052	21.367
2017	490.27	583.43	5.0	17.280	18.336
2018	495.31	581.44	5.0	18.363	19.613
2019	744.75	582.00	5.0	18.297	19.539
2020	786.50	581.38	5.0	19.077	20.766
2021	477.75	581.50	5.0	19.516	20.812
2022	503.75	582.00	5.0	18.604	19.225
2023	564.00	581.50	5.0	19.024	19.885
2024	153.50	583.25	5.0	18.861	20.290
2025	225.75	582.75	5.0	21.239	21.718
2026	619.17	583.42	5.0	18.906	20.979
2027	634.36	584.50	5.0	18.259	19.742
2028	705.75	583.50	5.0	20.535	21.821
2029	730.75	583.50	5.0	20.315	21.698
2030	443.53	587.41	5.0	16.385	16.886
2031	572.13	590.86	5.0	15.704	15.466
2032	772.75	584.75	5.0	19.251	20.444
2033	775.83	584.67	5.0	19.384	20.620
2034	96.33	585.67	5.0	18.963	20.982
2035	195.33	585.67	5.0	19.227	20.695
2036	203.50	585.75	5.0	19.887	21.062
2037	341.50	585.50	5.0	20.061	20.980
2038	769.75	585.50	5.0	19.089	20.711
2039	327.90	589.51	5.0	17.730	19.127
2040	421.00	587.50	5.0	18.526	19.587
2041	525.17	588.20	5.0	18.008	19.581
2042	787.25	586.62	5.0	19.383	21.079
2043	239.50	588.38	5.0	18.650	20.092
2044	581.50	587.50	5.0	19.499	19.616
2045	659.67	588.33	5.0	19.206	20.585
2046	764.00	587.62	5.0	19.593	21.241
2047	315.91	589.82	5.0	18.082	19.153
2048	489.74	590.09	5.0	18.103	19.320
2049	732.83	589.67	5.0	19.527	20.784
2050	780.11	590.50	5.0	17.897	19.471
2051	534.08	590.67	5.0	18.878	20.612
2052	637.75	590.75	5.0	19.392	20.896
2053	173.67	591.67	5.0	19.393	20.768
2054	307.50	591.50	5.0	19.999	21.579
2055	411.58	592.58	5.0	19.372	20.462
2056	598.67	592.33	5.0	19.768	21.553
2057	656.50	592.00	5.0	18.761	20.121
2058	739.07	591.87	5.0	19.078	20.224
2059	587.25	592.50	5.0	19.947	23.116
2060	625.75	594.00	5.0	19.780	20.596
2061	777.89	595.31	5.0	17.648	18.430
2062	324.58	595.58	5.0	18.949	20.277
2063	478.31	595.19	5.0	18.628	19.802
2064	535.50	594.62	5.0	19.012	20.321
2065	162.75	595.50	5.0	20.197	21.366
2066	170.75	596.00	5.0	19.222	20.564
2067	336.75	595.50	5.0	20.654	22.385
2068	449.75	595.50	5.0	19.582	20.714
2069	613.05	599.21	5.0	15.776	16.837
2070	559.81	600.66	5.0	16.040	16.127
2071	229.67	598.08	5.0	19.026	20.334
2072	240.67	599.81	5.0	18.786	20.170
2073	414.03	599.92	5.0	18.337	19.781
2074	443.60	600.20	5.0	18.588	20.121
2075	495.75	600.99	5.0	17.798	18.630
2076	276.92	601.33	5.0	19.230	20.533
2077	634.36	601.64	5.0	17.914	19.556
2078	386.08	602.25	5.0	18.565	19.974
2079	542.02	603.04	5.0	17.156	18.138
2080	579.17	602.17	5.0	18.901	20.367
2081	751.00	602.25	5.0	19.061	21.460
2082	765.11	602.57	5.0	18.847	20.397
2083	389.83	603.67	5.0	18.635	20.038
2084	140.50	604.50	5.0	19.104	20.819
2085	204.75	604.50	5.0	20.072	21.202
2086	706.44	604.91	5.0	18.128	19.703
2087	760.25	605.89	5.0	18.566	19.974
2088	126.08	605.92	5.0	18.816	20.670
2089	437.75	605.50	5.0	20.025	21.564
2090	534.75	605.50	5.0	18.776	20.418
2091	628.08	607.56	5.0	18.125	19.803
2092	667.25	608.00	5.0	18.372	19.760
2093	167.25	608.25	5.0	20.028	21.097
2094	197.81	608.33	5.0	19.081	20.313
2095	326.00	607.75	5.0	19.227	20.939
2096	367.08	607.92	5.0	19.308	20.880
2097	390.06	612.46	5.0	15.836	16.731
2098	479.25	610.00	5.0	18.299	19.690
2099	636.75	608.75	5.0	19.290	20.354
2100	674.25	609.11	5.0	19.005	20.167
2101	358.77	610.14	5.0	18.272	19.738
2102	450.95	610.40	5.0	19.218	20.790
2103	565.11	610.71	5.0	19.114	19.633
2104	609.75	610.00	5.0	19.150	20.694
2105	754.94	610.17	5.0	18.670	19.995
2106	260.08	610.92	5.0	19.238	20.638
2107	360.60	610.20	5.0	18.196	19.648
2108	547.83	610.67	5.0	nan	23.048
2109	700.40	611.27	5.0	18.700	20.131
2110	495.31	613.43	5.0	17.692	18.697
2111	628.67	612.33	5.0	18.721	19.866
2112	334.75	613.00	5.0	19.702	21.108
2113	224.94	616.03	5.0	16.658	17.083
2114	413.08	613.92	5.0	19.106	20.424
2115	443.35	613.70	5.0	18.411	20.422
2116	523.25	614.50	5.0	18.364	19.757
2117	559.25	615.11	5.0	18.513	20.187
2118	580.50	614.50	5.0	20.171	nan
2119	280.33	615.92	5.0	18.479	19.999
2120	365.22	617.46	5.0	16.903	17.720
2121	408.75	616.25	5.0	18.145	20.005
2122	602.83	616.33	5.0	20.281	21.801
2123	657.33	616.02	5.0	18.911	20.606
2124	664.43	616.92	5.0	18.351	19.611
2125	445.25	617.10	5.0	17.813	19.225
2126	453.50	616.50	5.0	20.275	20.927
2127	675.50	616.50	5.0	20.826	22.265
2128	328.03	620.95	5.0	16.361	16.882
2129	351.92	618.08	5.0	18.524	20.371
2130	281.50	619.50	5.0	18.510	19.866
2131	471.40	619.27	5.0	18.699	20.294
2132	319.85	620.20	5.0	18.410	19.551
2133	442.83	620.28	5.0	18.019	19.382
2134	563.50	620.00	5.0	18.947	20.441
2135	692.50	620.38	5.0	19.290	20.288
2136	289.12	621.06	5.0	18.638	19.923
2137	390.50	620.50	5.0	19.247	19.511
2138	409.14	621.77	5.0	18.366	19.622
2139	480.92	621.33	5.0	18.215	20.319
2140	618.75	620.50	5.0	20.069	21.614
2141	267.50	621.75	5.0	20.546	21.372
2142	355.33	622.19	5.0	18.754	19.899
2143	466.64	623.50	5.0	18.562	20.530
2144	578.67	623.67	5.0	20.030	22.532
2145	728.70	624.60	5.0	18.898	20.156
2146	481.38	627.55	5.0	16.975	18.344
2147	784.07	625.87	5.0	18.997	20.281
2148	61.15	628.00	5.0	18.312	19.606
2149	729.50	625.50	5.0	18.855	20.123
2150	738.67	627.62	5.0	18.550	20.026
2151	141.67	627.67	5.0	19.969	20.947
2152	366.42	628.17	5.0	18.111	19.503
2153	370.58	628.83	5.0	18.772	20.033
2154	466.08	628.58	5.0	18.972	20.338
2155	525.97	628.23	5.0	19.024	20.727
2156	362.04	629.18	5.0	18.333	19.940
2157	434.67	628.67	5.0	19.924	21.422
2158	606.85	629.20	5.0	18.399	19.706
2159	700.67	629.33	5.0	19.304	20.709
2160	113.79	633.11	5.0	15.802	16.802
2161	403.50	630.50	5.0	18.958	20.546
2162	572.92	630.83	5.0	17.308	18.118
2163	617.31	631.19	5.0	18.303	19.480
2164	79.50	631.50	5.0	20.000	21.307
2165	212.72	633.17	5.0	18.715	19.867
2166	556.40	633.30	5.0	18.189	19.807
2167	580.75	632.50	5.0	nan	nan
2168	591.25	633.25	5.0	18.441	20.041
2169	714.10	633.50	5.0	18.606	19.331
2170	775.15	633.92	5.0	18.505	19.774
2171	388.89	634.50	5.0	18.848	20.278
2172	541.08	633.67	5.0	18.844	20.467
2173	678.76	634.29	5.0	18.381	19.203
2174	323.67	635.34	5.0	18.597	19.785
2175	395.83	634.67	5.0	19.433	20.972
2176	488.69	635.22	5.0	18.302	20.129
2177	519.67	635.33	5.0	20.082	21.551
2178	57.08	636.77	5.0	18.234	20.007
2179	90.95	636.60	5.0	19.527	20.906
2180	233.79	637.20	5.0	17.641	19.000
2181	454.50	635.62	5.0	18.921	20.649
2182	618.50	636.50	5.0	18.944	19.670
2183	224.21	639.83	5.0	16.066	16.189
2184	433.75	637.25	5.0	20.012	21.675
2185	504.64	637.62	5.0	18.297	19.580
2186	602.75	637.75	5.0	18.853	20.581
2187	610.33	636.67	5.0	19.634	20.922
2188	652.11	637.50	5.0	18.969	20.170
2189	746.56	639.69	5.0	15.998	16.250
2190	533.75	638.00	5.0	18.651	20.492
2191	538.75	638.25	5.0	18.767	20.018
2192	451.50	639.00	5.0	18.713	20.265
2193	569.99	641.74	5.0	16.190	16.240
2194	416.81	641.00	5.0	18.739	20.100
2195	286.44	642.44	5.0	18.027	19.427
2196	502.75	640.75	5.0	18.373	19.700
2197	553.74	645.27	5.0	16.034	16.994
2198	582.19	641.75	5.0	18.650	20.739
2199	725.75	641.50	5.0	19.059	nan
2200	394.77	643.14	5.0	18.542	19.864
2201	526.00	643.50	5.0	18.802	20.784
2202	531.56	643.19	5.0	18.523	19.483
2203	699.68	644.12	5.0	17.153	17.798
2204	587.25	644.25	5.0	19.419	20.733
2205	667.19	644.92	5.0	18.562	19.855
2206	711.67	644.67	5.0	18.644	20.036
2207	276.50	644.50	5.0	20.576	21.475
2208	301.60	644.70	5.0	19.680	20.958
2209	525.75	644.75	5.0	18.788	20.627
2210	738.75	645.00	5.0	20.897	21.905
2211	455.56	646.19	5.0	18.610	20.017
2212	564.75	645.75	5.0	19.102	19.129
2213	239.81	650.36	5.0	16.206	16.438
2214	754.25	647.50	5.0	18.992	20.027
2215	791.75	646.50	5.0	19.288	21.243
2216	127.50	648.00	5.0	18.895	20.208
2217	475.90	650.75	5.0	15.858	15.530
2218	542.75	648.00	5.0	20.609	nan
2219	773.02	648.33	5.0	18.609	19.902
2220	165.50	649.62	5.0	18.302	19.518
2221	250.15	649.05	5.0	18.983	20.144
2222	350.50	648.50	5.0	18.691	20.084
2223	508.75	649.25	5.0	18.337	20.041
2224	512.20	650.07	5.0	18.384	19.840
2225	526.67	648.67	5.0	19.076	20.591
2226	498.10	650.40	5.0	18.727	20.384
2227	612.75	650.50	5.0	19.660	22.049
2228	718.89	650.55	5.0	17.992	18.761
2229	112.47	651.72	5.0	17.493	18.297
2230	542.00	649.50	5.0	20.338	nan
2231	727.85	653.22	5.0	17.248	18.410
2232	736.33	651.67	5.0	18.498	19.853
2233	754.75	649.00	5.0	18.422	20.043
2234	70.42	652.42	5.0	18.864	20.688
2235	88.20	654.66	5.0	18.198	19.613
2236	390.57	652.09	5.0	18.609	19.931
2237	550.00	652.72	5.0	18.767	20.079
2238	557.75	651.50	5.0	20.692	19.453
2239	131.67	653.33	5.0	19.260	20.360
2240	352.83	653.25	5.0	18.861	20.047
2241	492.64	653.50	5.0	18.641	20.519
2242	744.12	653.31	5.0	19.362	22.434
2243	94.00	654.25	5.0	19.137	20.176
2244	335.50	653.75	5.0	20.232	21.086
2245	752.75	655.06	5.0	18.130	19.309
2246	250.95	655.60	5.0	19.240	20.157
2247	533.70	655.60	5.0	20.414	21.949
2248	107.72	656.83	5.0	18.456	19.664
2249	273.83	656.58	5.0	19.018	20.431
2250	408.67	656.08	5.0	19.722	20.811
2251	524.06	656.75	5.0	17.980	19.438
2252	736.33	653.67	5.0	18.301	19.742
2253	421.75	657.25	5.0	20.176	21.199
2254	439.75	656.50	5.0	20.375	21.341
2255	539.97	657.23	5.0	19.771	20.556
2256	609.33	657.19	5.0	18.966	19.954
2257	154.00	657.75	5.0	19.892	21.223
2258	737.75	657.75	5.0	20.209	22.386
2259	493.67	663.98	5.0	15.420	16.693
2260	585.35	659.60	5.0	18.280	20.008
2261	572.75	659.50	5.0	19.881	22.086
2262	677.17	660.42	5.0	18.834	20.316
2263	280.75	661.50	5.0	19.552	20.548
2264	590.00	661.00	5.0	18.290	19.678
2265	556.63	663.02	5.0	18.197	19.837
2266	106.75	662.75	5.0	19.248	20.606
2267	214.17	664.17	5.0	18.960	20.188
2268	456.31	664.52	5.0	18.327	19.700
2269	531.43	664.50	5.0	18.236	19.275
2270	596.31	664.88	5.0	19.114	20.608
2271	620.18	667.17	5.0	15.422	15.000
2272	680.70	664.60	5.0	19.137	20.155
2273	92.08	664.67	5.0	19.737	20.646
2274	583.50	664.75	5.0	19.224	20.918
2275	692.00	665.00	5.0	19.471	20.941
2276	300.28	667.75	5.0	18.763	19.602
2277	552.67	667.08	5.0	18.727	20.206
2278	631.68	668.21	5.0	18.394	20.243
2279	116.50	667.50	5.0	20.463	20.948
2280	291.75	668.15	5.0	18.380	19.418
2281	517.19	668.31	5.0	18.194	19.805
2282	698.75	667.75	5.0	19.750	20.757
2283	740.46	670.64	5.0	16.104	16.142
2284	791.17	668.42	5.0	18.385	20.188
2285	110.50	669.00	5.0	18.972	20.245
2286	765.85	671.33	5.0	18.347	19.463
2287	778.00	669.50	5.0	19.692	20.535
2288	755.30	671.45	5.0	18.494	20.211
2289	193.50	671.50	5.0	20.245	21.399
2290	395.75	671.75	5.0	20.277	21.118
2291	516.90	672.35	5.0	18.220	19.590
2292	554.87	672.82	5.0	18.643	20.050
2293	637.30	673.76	5.0	17.100	17.899
2294	542.64	674.25	5.0	19.156	20.712
2295	585.14	674.66	5.0	18.573	19.865
2296	210.92	675.33	5.0	19.158	20.524
2297	700.17	674.92	5.0	19.073	20.335
2298	748.81	675.33	5.0	18.787	20.064
2299	359.50	675.50	5.0	20.808	21.452
2300	664.00	676.25	5.0	18.341	20.069
2301	156.33	677.08	5.0	19.417	20.679
2302	388.27	677.73	5.0	18.718	19.949
2303	236.50	677.50	5.0	19.637	21.598
2304	272.50	677.75	5.0	20.158	21.339
2305	287.50	677.75	5.0	20.327	21.521
2306	242.08	679.58	5.0	19.106	20.442
2307	636.75	678.50	5.0	17.527	17.955
2308	711.08	678.67	5.0	19.820	21.462
2309	227.25	679.75	5.0	19.825	20.653
2310	635.25	681.08	5.0	18.144	19.231
2311	721.00	681.50	5.0	18.546	19.365
2312	168.50	682.64	5.0	19.274	20.453
2313	216.25	681.50	5.0	20.535	21.299
2314	255.67	682.08	5.0	18.867	20.326
2315	333.33	682.08	5.0	19.812	20.549
2316	508.96	681.91	5.0	18.682	20.086
2317	611.67	682.58	5.0	18.959	20.313
2318	767.88	682.50	5.0	20.007	21.406
2319	433.60	682.70	5.0	19.463	20.678
2320	532.83	682.67	5.0	19.209	20.734
2321	534.25	682.50	5.0	19.206	20.733
2322	292.50	683.50	5.0	18.957	20.208
2323	341.52	685.18	5.0	17.136	17.761
2324	560.75	684.25	5.0	19.438	21.069
2325	684.25	685.50	5.0	18.909	20.190
2326	153.50	685.50	5.0	20.177	21.313
2327	234.25	685.75	5.0	19.568	20.733
2328	258.80	686.15	5.0	19.034	20.094
2329	290.50	685.50	5.0	19.033	20.283
2330	395.67	686.33	5.0	19.918	20.812
2331	417.94	686.12	5.0	18.737	19.812
2332	291.50	686.00	5.0	19.038	20.275
2333	444.77	688.32	5.0	18.148	19.837
2334	739.06	687.81	5.0	18.222	19.393
2335	795.67	686.67	5.0	18.831	20.357
2336	235.00	686.50	5.0	19.595	20.716
2337	449.92	688.15	5.0	18.080	19.323
2338	509.75	687.50	5.0	19.400	20.610
2339	367.55	690.68	5.0	18.274	19.608
2340	795.50	688.00	5.0	18.660	20.284
2341	322.75	691.00	5.0	18.510	19.818
2342	555.29	690.86	5.0	18.673	20.274
2343	107.44	692.88	5.0	18.380	19.892
2344	284.40	692.05	5.0	19.483	20.667
2345	222.67	693.58	5.0	18.794	19.617
2346	273.25	692.50	5.0	20.796	21.271
2347	320.67	693.81	5.0	18.452	19.722
2348	348.94	693.14	5.0	19.088	20.654
2349	524.67	695.20	5.0	17.703	18.646
2350	560.81	695.08	5.0	18.520	19.799
2351	596.28	695.02	5.0	18.246	19.142
2352	760.75	693.50	5.0	20.699	21.329
2353	450.03	698.91	5.0	16.807	18.247
2354	465.11	695.50	5.0	19.066	20.291
2355	422.07	699.28	5.0	15.845	16.833
2356	507.78	696.73	5.0	18.051	19.289
2357	537.77	696.14	5.0	18.293	19.767
2358	753.40	696.27	5.0	19.020	20.383
2359	788.33	696.81	5.0	18.907	19.973
2360	132.40	697.10	5.0	18.383	20.021
2361	305.25	697.11	5.0	18.849	19.833
2362	95.67	698.81	5.0	19.233	20.467
2363	704.48	698.33	5.0	19.284	20.506
2364	177.33	699.42	5.0	18.299	19.633
2365	384.00	699.50	5.0	19.511	20.690
2366	139.75	699.75	5.0	19.149	21.062
2367	393.64	699.94	5.0	18.551	20.244
2368	537.67	700.33	5.0	18.439	19.689
2369	347.85	703.49	5.0	15.868	15.780
2370	621.75	702.38	5.0	18.184	19.792
2371	371.00	703.25	5.0	18.920	19.979
2372	398.33	702.92	5.0	18.289	19.635
2373	687.25	703.00	5.0	16.885	18.347
2374	746.33	703.02	5.0	18.682	20.397
2375	79.93	704.73	5.0	18.385	19.618
2376	336.56	705.00	5.0	18.821	20.364
2377	483.25	704.12	5.0	18.925	20.265
2378	502.37	707.31	5.0	15.444	16.281
2379	174.67	705.33	5.0	18.794	20.476
2380	690.34	708.13	5.0	15.717	16.044
2381	791.21	705.58	5.0	18.560	19.813
2382	379.50	706.50	5.0	19.165	20.736
2383	516.52	706.47	5.0	18.648	19.993
2384	425.15	707.10	5.0	18.097	19.383
2385	536.16	708.27	5.0	17.849	19.057
2386	597.04	708.32	5.0	18.024	19.332
2387	671.83	706.67	5.0	20.804	22.054
2388	700.33	707.21	5.0	19.206	20.688
2389	761.75	706.75	5.0	19.090	20.346
2390	205.83	708.58	5.0	19.010	20.576
2391	623.10	708.70	5.0	18.304	19.514
2392	92.27	709.40	5.0	18.731	20.019
2393	464.75	709.50	5.0	20.823	21.290
2394	547.17	710.42	5.0	18.152	20.098
2395	760.83	710.33	5.0	19.003	20.176
2396	368.77	711.14	5.0	18.600	19.895
2397	424.25	712.92	5.0	18.292	19.632
2398	521.92	711.92	5.0	19.143	20.460
2399	753.83	711.67	5.0	19.431	20.828
2400	551.41	716.36	5.0	15.809	16.916
2401	666.19	712.81	5.0	18.871	20.457
2402	775.25	713.50	5.0	18.840	20.675
2403	282.25	713.75	5.0	19.208	21.386
2404	385.50	714.11	5.0	19.127	20.647
2405	476.15	715.10	5.0	18.271	19.225
2406	54.34	715.84	5.0	17.482	18.471
2407	585.50	714.75	5.0	20.435	21.950
2408	792.75	715.64	5.0	18.828	19.794
2409	338.75	716.25	5.0	19.061	20.214
2410	358.33	716.02	5.0	18.633	20.061
2411	466.75	716.50	5.0	19.555	20.520
2412	529.67	716.67	5.0	19.643	22.627
2413	648.78	717.83	5.0	18.362	19.896
2414	397.67	717.83	5.0	19.722	21.135
2415	657.05	718.40	5.0	23.107	21.400
2416	573.75	718.75	5.0	19.831	21.475
2417	726.75	719.00	5.0	19.644	20.578
2418	376.67	719.83	5.0	17.914	19.449
2419	508.11	720.25	5.0	18.746	20.233
2420	645.50	719.62	5.0	18.491	19.824
2421	700.75	719.50	5.0	19.937	20.222
2422	580.63	721.75	5.0	18.094	19.587
2423	681.30	721.10	5.0	19.612	20.843
2424	721.08	721.56	5.0	18.793	19.968
2425	242.75	721.50	5.0	20.579	21.493
2426	380.13	722.26	5.0	17.735	18.817
2427	87.25	723.25	5.0	18.877	20.104
2428	333.64	723.71	5.0	19.219	20.711
2429	390.25	723.25	5.0	19.848	21.240
2430	408.92	726.21	5.0	16.878	17.801
2431	495.50	724.25	5.0	19.626	20.960
2432	529.75	723.25	5.0	18.500	19.845
2433	418.75	725.00	5.0	19.338	21.071
2434	536.60	724.70	5.0	20.638	21.051
2435	659.43	728.02	5.0	17.016	17.867
2436	376.92	726.33	5.0	18.514	19.637
2437	268.50	726.50	5.0	19.154	21.598
2438	565.92	728.21	5.0	18.151	19.245
2439	153.33	727.67	5.0	18.642	20.594
2440	420.00	726.25	5.0	19.401	20.993
2441	593.92	728.33	5.0	18.769	20.101
2442	583.50	728.62	5.0	19.188	20.471
2443	652.75	728.50	5.0	18.492	19.948
2444	153.00	728.50	5.0	18.506	20.257
2445	250.50	729.75	5.0	19.364	21.560
2446	342.11	730.25	5.0	18.855	20.254
2447	478.50	730.77	5.0	18.665	19.943
2448	539.91	733.44	5.0	15.917	17.006
2449	720.40	730.05	5.0	19.787	20.836
2450	192.00	731.50	5.0	18.483	20.048
2451	555.00	730.50	5.0	20.769	21.668
2452	579.50	731.38	5.0	18.984	21.145
2453	150.92	732.08	5.0	18.741	20.241
2454	328.25	732.00	5.0	19.783	20.923
2455	431.50	731.50	5.0	20.145	21.131
2456	507.22	733.49	5.0	17.461	18.688
2457	650.67	731.67	5.0	18.970	20.340
2458	675.26	733.03	5.0	17.611	18.420
2459	273.42	733.42	5.0	19.108	19.617
2460	285.23	732.97	5.0	18.163	20.113
2461	376.66	734.03	5.0	18.644	19.876
2462	438.02	733.33	5.0	18.753	20.006
2463	667.67	732.67	5.0	19.004	20.286
2464	728.83	734.12	5.0	18.080	19.589
2465	101.50	733.50	5.0	19.471	21.082
2466	620.50	733.75	5.0	20.309	21.057
2467	283.89	737.75	5.0	18.279	19.596
2468	279.75	737.50	5.0	18.650	20.173
2469	466.02	738.93	5.0	18.479	19.700
2470	476.50	737.75	5.0	20.135	21.235
2471	668.75	737.75	5.0	19.489	20.397
2472	413.89	740.50	5.0	18.499	20.276
2473	448.00	739.75	5.0	19.484	20.530
2474	545.75	741.25	5.0	20.995	22.090
2475	554.33	740.67	5.0	19.967	21.217
2476	140.02	743.19	5.0	17.687	18.468
2477	153.17	742.17	5.0	18.707	19.987
2478	208.81	743.08	5.0	18.369	20.172
2479	577.13	746.21	5.0	16.372	16.854
2480	594.46	743.24	5.0	18.535	19.982
2481	692.31	743.19	5.0	18.755	20.051
2482	79.50	744.38	5.0	18.331	19.824
2483	532.75	743.75	5.0	19.615	21.233
2484	709.25	744.50	5.0	20.201	21.079
2485	772.77	745.18	5.0	17.550	18.421
2486	283.08	744.67	5.0	20.054	20.920
2487	521.50	744.50	5.0	20.671	21.425
2488	658.25	744.75	5.0	19.121	20.780
2489	748.75	745.00	5.0	19.404	20.626
2490	412.85	746.20	5.0	17.839	19.396
2491	557.38	748.20	5.0	16.829	18.315
2492	623.85	747.95	5.0	18.719	20.024
2493	547.50	747.38	5.0	19.751	20.748
2494	239.17	748.17	5.0	18.334	19.962
2495	305.83	747.67	5.0	19.258	20.960
2496	756.19	748.56	5.0	18.802	20.169
2497	404.77	749.14	5.0	18.452	19.780
2498	323.83	750.58	5.0	18.926	20.229
2499	412.17	750.72	5.0	17.979	19.417
2500	541.50	750.00	5.0	18.834	20.523
2501	701.83	749.67	5.0	20.202	20.972
2502	399.60	750.70	5.0	18.793	20.234
2503	455.01	752.92	5.0	18.095	19.517
2504	465.58	752.33	5.0	18.964	20.638
2505	144.50	753.75	5.0	20.733	21.427
2506	625.50	753.50	5.0	18.416	19.653
2507	629.75	754.50	5.0	18.850	20.129
2508	115.92	756.17	5.0	19.283	20.397
2509	208.19	756.67	5.0	18.679	19.812
2510	307.60	755.95	5.0	18.889	20.555
2511	418.58	756.58	5.0	18.862	20.596
2512	560.05	755.90	5.0	18.592	19.949
2513	565.75	755.50	5.0	18.934	20.473
2514	626.58	756.58	5.0	18.525	19.806
2515	469.27	757.40	5.0	18.554	19.719
2516	507.30	757.83	5.0	17.230	17.952
2517	177.25	757.75	5.0	18.824	20.794
2518	434.19	759.42	5.0	18.706	20.205
2519	441.33	759.58	5.0	19.307	20.683
2520	473.75	760.75	5.0	19.937	20.511
2521	566.00	762.64	5.0	18.027	19.452
2522	593.67	762.33	5.0	19.565	21.081
2523	122.75	762.75	5.0	19.027	21.239
2524	493.32	765.86	5.0	16.234	16.786
2525	180.40	763.95	5.0	18.643	20.331
2526	74.78	767.83	5.0	16.446	16.937
2527	145.33	764.67	5.0	19.205	21.420
2528	424.19	766.51	5.0	17.969	18.919
2529	676.00	765.75	5.0	18.543	20.227
2530	447.40	767.02	5.0	18.809	20.249
2531	679.50	767.38	5.0	19.064	20.141
2532	213.33	767.67	5.0	19.579	21.103
2533	228.66	768.14	5.0	18.746	19.815
2534	400.00	769.25	5.0	19.282	20.874
2535	780.48	769.33	5.0	18.775	20.523
2536	727.40	770.05	5.0	19.103	20.585
2537	739.75	769.75	5.0	19.623	20.500
2538	578.75	770.50	5.0	19.850	21.416
2539	457.60	771.70	5.0	19.389	20.651
2540	291.50	773.00	5.0	18.594	20.235
2541	379.14	773.92	5.0	18.550	19.627
2542	419.50	773.50	5.0	17.891	19.468
2543	599.50	773.00	5.0	18.950	20.227
2544	766.52	776.39	5.0	15.943	16.972
2545	60.87	775.02	5.0	17.458	18.356
2546	504.67	774.17	5.0	18.847	20.196
2547	572.00	773.50	5.0	20.465	22.050
2548	496.50	774.50	5.0	18.845	19.756
2549	380.58	774.58	5.0	18.582	19.645
2550	424.23	777.73	5.0	16.763	17.351
2551	529.00	775.50	5.0	19.557	21.540
2552	585.67	776.08	5.0	19.924	20.665
2553	327.77	776.87	5.0	18.790	20.627
2554	374.70	777.60	5.0	19.277	20.332
2555	684.67	776.67	5.0	19.165	20.437
2556	219.33	780.13	5.0	16.610	17.424
2557	474.50	777.75	5.0	19.556	20.766
2558	605.50	777.50	5.0	20.726	21.080
2559	594.00	780.75	5.0	19.752	21.506
2560	681.04	781.86	5.0	17.188	18.764
2561	490.97	782.23	5.0	19.052	20.544
2562	205.43	788.75	5.0	15.363	15.109
2563	435.85	783.21	5.0	19.035	20.227
2564	458.75	782.50	5.0	20.325	21.439
2565	722.46	783.09	5.0	18.729	20.023
2566	732.42	782.67	5.0	20.149	21.006
2567	520.50	783.50	5.0	19.458	21.493
2568	521.00	784.00	5.0	19.551	21.468
2569	245.89	786.64	5.0	17.878	19.494
2570	176.64	787.89	5.0	17.512	18.521
2571	657.69	788.44	5.0	17.904	19.046
2572	381.05	790.60	5.0	17.096	18.032
2573	727.43	789.64	5.0	19.452	20.543
2574	687.75	789.75	5.0	19.642	20.737
2575	557.83	791.41	5.0	18.643	19.728
2576	792.35	790.70	5.0	18.876	20.844
2577	592.50	791.75	5.0	18.346	19.589
2578	601.83	791.67	5.0	19.920	21.339
2579	265.50	792.75	5.0	19.374	21.684
2580	298.83	792.83	5.0	18.885	20.703
2581	64.50	793.75	5.0	19.023	20.692
2582	410.33	794.92	5.0	18.967	18.913
2583	591.27	795.81	5.0	16.687	18.117
2584	779.75	794.50	5.0	18.302	19.839
2585	152.25	795.62	5.0	16.473	18.337
2586	281.73	796.40	5.0	16.955	18.467
2587	368.80	796.40	5.0	16.838	18.621
2588	565.95	796.60	5.0	16.880	18.497
2589	608.26	797.99	5.0	15.970	17.600
2590	764.40	796.10	5.0	17.124	18.603
2591	705.52	798.34	5.0	17.085	18.380
2592	747.22	798.51	5.0	16.038	17.811
2593	149.47	798.65	5.0	16.317	18.180
2594	297.89	798.64	5.0	16.980	18.710
2595	347.33	798.65	5.0	16.462	18.527
2596	663.58	798.54	5.0	16.842	18.324
2597	360.00	798.83	5.0	17.949	19.611
2598	720.61	798.91	5.0	16.727	19.131
2599	54.00	799.00	5.0	17.845	19.480
2600	55.75	799.00	5.0	17.765	19.446
2601	61.50	799.00	5.0	17.955	18.740
2602	66.25	799.00	5.0	20.870	18.944
2603	67.75	799.00	5.0	21.559	19.289
2604	71.00	799.00	5.0	21.525	19.516
2605	75.00	799.00	5.0	18.799	19.339
2606	76.75	799.00	5.0	18.742	19.235
2607	80.25	799.00	5.0	20.151	19.115
2608	84.00	799.00	5.0	20.342	19.214
2609	87.50	799.00	5.0	18.226	19.256
2610	89.25	799.00	5.0	17.816	19.258
2611	92.75	799.00	5.0	17.920	19.364
2612	94.00	799.00	5.0	17.813	19.522
2613	98.00	799.00	5.0	18.085	20.052
2614	108.25	799.00	5.0	nan	21.872
2615	116.50	799.00	5.0	21.680	20.713
2616	123.00	799.00	5.0	20.668	20.842
2617	126.00	799.00	5.0	18.695	20.312
2618	128.75	799.00	5.0	18.887	20.176
2619	130.00	799.00	5.0	18.998	20.203
2620	142.00	799.00	5.0	17.791	19.823
2621	159.00	799.00	5.0	17.330	19.284
2622	166.75	799.00	5.0	19.027	19.400
2623	174.25	799.00	5.0	18.194	19.166
2624	176.50	799.00	5.0	18.454	19.148
2625	203.75	799.00	5.0	16.493	17.913
2626	212.00	797.50	5.0	18.041	17.936
2627	221.75	799.00	5.0	17.348	18.673
2628	223.50	799.00	5.0	17.295	18.678
2629	229.00	799.00	5.0	18.336	19.106
2630	237.25	799.00	5.0	17.612	19.457
2631	239.00	799.00	5.0	17.523	19.146
2632	242.50	799.00	5.0	18.145	19.330
2633	245.75	799.00	5.0	18.853	19.372
2634	262.75	799.00	5.0	18.415	19.715
2635	264.50	799.00	5.0	17.354	19.633
2636	269.50	799.00	5.0	17.483	20.669
2637	275.50	799.00	5.0	17.971	19.668
2638	276.50	799.00	5.0	17.455	19.224
2639	281.25	799.00	5.0	16.825	18.386
2640	288.25	799.00	5.0	17.585	19.421
2641	291.25	799.00	5.0	17.360	19.657
2642	305.50	799.00	5.0	19.188	19.849
2643	310.25	799.00	5.0	18.039	20.065
2644	315.00	799.00	5.0	18.067	19.721
2645	318.75	799.00	5.0	17.855	19.813
2646	321.50	799.00	5.0	17.360	20.422
2647	323.75	799.00	5.0	17.646	19.872
2648	325.00	799.00	5.0	17.407	19.667
2649	328.50	799.00	5.0	17.625	20.000
2650	335.75	799.00	5.0	18.299	19.945
2651	354.50	799.00	5.0	17.648	19.328
2652	361.75	799.00	5.0	17.584	19.407
2653	368.75	799.00	5.0	16.822	18.598
2654	374.50	799.00	5.0	17.311	18.864
2655	376.25	799.00	5.0	17.332	19.135
2656	380.75	799.00	5.0	17.310	19.000
2657	386.50	799.00	5.0	17.933	18.994
2658	389.50	799.00	5.0	19.363	19.437
2659	394.50	799.00	5.0	19.352	19.382
2660	398.50	799.00	5.0	19.666	19.741
2661	402.75	799.00	5.0	18.666	19.323
2662	408.50	799.00	5.0	18.521	18.641
2663	416.50	799.00	5.0	18.448	19.194
2664	417.50	799.00	5.0	18.477	19.336
2665	423.75	799.00	5.0	18.251	19.191
2666	434.50	799.00	5.0	18.375	19.223
2667	440.00	799.00	5.0	17.496	19.017
2668	451.75	799.00	5.0	19.427	20.212
2669	460.50	799.00	5.0	20.454	19.698
2670	462.00	799.00	5.0	20.019	19.703
2671	467.50	799.00	5.0	20.481	20.062
2672	473.25	799.00	5.0	21.180	19.761
2673	482.50	799.00	5.0	nan	19.711
2674	487.00	799.00	5.0	17.904	19.676
2675	488.25	799.00	5.0	17.895	19.667
2676	492.75	799.00	5.0	17.548	19.365
2677	498.00	799.00	5.0	18.380	19.491
2678	505.00	799.00	5.0	18.503	19.654
2679	514.25	799.00	5.0	17.539	19.709
2680	520.50	799.00	5.0	17.760	19.711
2681	521.75	799.00	5.0	17.498	19.508
2682	525.50	799.00	5.0	17.528	19.660
2683	530.50	799.00	5.0	17.181	19.473
2684	532.25	799.00	5.0	17.105	19.167
2685	537.25	799.00	5.0	16.851	18.821
2686	544.00	799.00	5.0	17.178	19.322
2687	568.00	799.00	5.0	16.927	18.449
2688	593.25	799.00	5.0	16.769	18.157
2689	616.75	799.00	5.0	17.545	19.162
2690	618.00	799.00	5.0	17.574	19.183
2691	621.00	799.00	5.0	17.980	19.585
2692	627.50	799.00	5.0	18.284	19.534
2693	628.50	799.00	5.0	18.335	19.395
2694	639.75	799.00	5.0	18.882	20.484
2695	652.50	799.00	5.0	18.069	19.957
2696	654.25	799.00	5.0	18.620	19.687
2697	670.50	799.00	5.0	17.558	19.609
2698	672.00	799.00	5.0	17.523	19.638
2699	675.00	799.00	5.0	17.522	20.277
2700	680.75	799.00	5.0	17.826	19.405
2701	684.50	799.00	5.0	17.344	19.053
2702	690.50	799.00	5.0	18.499	19.305
2703	691.50	799.00	5.0	18.525	19.307
2704	704.08	798.95	5.0	16.928	18.310
2705	727.75	799.00	5.0	17.610	19.340
2706	729.00	799.00	5.0	17.375	19.253
2707	730.00	799.00	5.0	17.663	19.407
2708	733.25	799.00	5.0	18.478	19.703
2709	737.50	799.00	5.0	17.498	19.190
2710	767.00	799.00	5.0	17.043	18.489
2711	775.75	799.00	5.0	17.823	19.268
2712	777.25	799.00	5.0	17.551	19.089
2713	781.75	799.00	5.0	17.613	19.391
2714	788.25	799.00	5.0	17.569	19.422
2715	789.75	799.00	5.0	17.561	19.397
2716	795.25	799.00	5.0	17.208	18.974
2717	797.00	799.00	5.0	17.444	18.993
