Object ID	x-center	y-center
1	562.71	51.97
2	138.75	51.25
3	359.11	53.03
4	788.90	52.95
5	354.25	54.96
6	468.90	55.30
7	562.00	53.89
8	723.25	58.00
9	273.25	58.50
10	355.10	59.71
11	555.50	58.62
12	629.95	60.94
13	294.25	60.00
14	578.57	61.00
15	458.35	63.18
16	492.67	62.44
17	653.00	62.25
18	121.86	64.28
19	287.28	64.37
20	589.57	63.96
21	691.23	63.92
22	70.40	64.20
23	556.56	64.81
24	126.37	66.53
25	191.42	65.91
26	348.50	66.08
27	380.18	66.03
28	736.58	65.67
29	210.33	67.28
30	393.75	66.25
31	442.83	68.17
32	465.93	66.64
33	502.50	66.38
34	666.25	66.25
35	603.40	67.90
36	738.75	68.25
37	401.00	69.75
38	90.33	70.17
39	472.50	70.25
40	158.08	71.81
41	534.58	71.67
42	179.50	72.70
43	669.55	72.61
44	695.57	72.86
45	789.75	72.25
46	167.00	73.25
47	796.83	73.17
48	514.54	74.66
49	592.25	74.25
50	752.67	75.10
51	148.83	76.06
52	383.60	75.20
53	582.17	75.92
54	119.92	76.83
55	180.00	76.75
56	215.09	78.61
57	398.00	76.25
58	796.10	77.70
59	156.87	82.05
60	190.08	78.57
61	314.75	78.25
62	591.32	78.67
63	785.92	78.46
64	375.67	80.17
65	606.25	79.25
66	83.77	80.03
67	660.15	80.30
68	267.33	81.33
69	281.00	80.50
70	308.25	81.25
71	336.93	81.64
72	368.50	81.25
73	431.56	84.18
74	681.60	81.20
75	229.05	82.40
76	422.67	82.17
77	464.50	82.38
78	686.15	82.75
79	285.00	83.25
80	398.75	83.50
81	773.00	84.25
82	208.92	85.83
83	235.37	88.30
84	337.98	86.67
85	697.50	85.25
86	726.83	85.81
87	389.85	86.88
88	494.02	86.12
89	559.50	85.88
90	590.50	86.12
91	648.13	87.46
92	671.31	86.69
93	81.50	87.38
94	242.00	88.35
95	122.36	88.16
96	436.33	88.17
97	777.16	88.64
98	634.67	89.33
99	796.67	89.33
100	424.60	89.95
101	496.60	89.95
102	622.75	89.50
103	352.75	91.50
104	358.66	92.24
105	528.60	91.95
106	653.25	92.75
107	705.91	92.82
108	264.33	93.17
109	364.33	93.33
110	385.67	93.33
111	408.25	93.89
112	628.58	93.83
113	718.60	93.30
114	322.50	94.00
115	452.89	95.56
116	478.75	94.25
117	510.91	94.34
118	712.17	94.42
119	790.88	94.50
120	271.50	95.25
121	661.91	98.78
122	796.10	95.20
123	325.50	97.25
124	439.75	96.50
125	681.14	97.56
126	103.25	98.00
127	239.15	98.30
128	301.75	98.25
129	498.67	99.08
130	694.75	99.00
131	309.91	100.98
132	364.33	100.33
133	481.69	104.27
134	492.67	100.98
135	250.12	101.12
136	543.83	101.33
137	532.75	102.00
138	646.34	103.23
139	498.50	102.50
140	196.32	105.33
141	400.33	104.67
142	518.75	104.25
143	586.00	104.25
144	231.75	104.50
145	245.05	105.85
146	534.00	103.25
147	597.48	105.74
148	689.25	105.75
149	172.75	106.25
150	520.97	106.57
151	754.29	107.04
152	787.44	109.44
153	534.51	110.61
154	610.75	106.50
155	627.10	108.70
156	693.75	108.25
157	381.75	108.50
158	398.77	110.03
159	470.50	110.00
160	620.00	109.50
161	155.94	112.43
162	426.67	111.33
163	563.83	111.33
164	674.07	111.03
165	389.77	112.03
166	682.29	113.00
167	247.67	113.33
168	661.75	112.50
169	86.75	113.50
170	524.50	114.25
171	528.83	113.67
172	541.75	113.50
173	169.88	115.69
174	399.92	115.83
175	425.78	116.22
176	481.81	115.67
177	584.17	115.42
178	700.25	115.25
179	769.67	115.35
180	793.38	116.00
181	111.25	116.00
182	714.18	118.37
183	115.60	117.70
184	161.50	117.75
185	258.75	116.50
186	444.64	117.75
187	483.17	116.17
188	750.25	117.75
189	222.50	117.50
190	83.67	119.08
191	408.75	119.00
192	430.40	119.49
193	474.21	123.13
194	724.39	119.75
195	292.50	119.50
196	774.50	120.61
197	392.75	121.00
198	579.25	121.25
199	589.75	120.50
200	795.50	122.44
201	341.75	121.50
202	413.25	122.58
203	540.00	122.70
204	546.83	121.67
205	611.50	121.50
206	668.92	122.67
207	765.35	122.30
208	336.50	122.50
209	563.19	123.81
210	616.46	124.04
211	681.93	123.76
212	695.17	123.42
213	431.82	124.36
214	581.75	123.50
215	114.50	125.36
216	407.33	125.08
217	447.25	125.75
218	258.50	126.25
219	503.75	126.25
220	600.85	126.70
221	55.00	127.00
222	386.58	127.83
223	391.50	126.62
224	416.33	127.17
225	753.33	127.08
226	55.50	127.50
227	404.50	129.00
228	457.01	130.45
229	177.23	130.13
230	383.75	129.50
231	314.67	130.92
232	522.66	134.24
233	537.75	131.00
234	601.75	131.25
235	656.25	131.25
236	286.25	132.36
237	339.60	131.95
238	633.80	132.65
239	132.50	133.00
240	261.44	133.81
241	498.80	135.60
242	619.75	133.00
243	728.67	133.44
244	217.34	135.34
245	592.38	134.36
246	672.60	134.30
247	252.77	135.13
248	326.58	135.42
249	403.08	136.81
250	475.00	136.25
251	563.11	136.50
252	373.33	137.08
253	448.60	137.30
254	599.63	137.36
255	156.75	137.75
256	262.76	138.54
257	513.50	139.00
258	686.75	138.50
259	702.60	138.95
260	99.75	139.50
261	148.11	140.75
262	213.25	140.25
263	386.03	144.63
264	425.89	140.75
265	562.67	140.33
266	232.05	141.40
267	253.56	141.92
268	348.50	140.88
269	438.67	141.33
270	618.50	141.25
271	684.34	142.52
272	611.75	141.50
273	663.83	141.67
274	675.98	142.82
275	714.95	142.60
276	184.56	144.33
277	691.67	143.75
278	237.75	144.50
279	268.19	145.67
280	438.67	146.56
281	458.78	145.70
282	479.25	145.00
283	526.19	145.81
284	590.60	144.95
285	761.75	144.92
286	81.75	147.75
287	552.97	147.77
288	55.25	148.00
289	177.00	148.25
290	201.92	148.08
291	568.25	148.75
292	720.62	148.62
293	797.80	148.40
294	282.00	150.75
295	748.67	149.42
296	790.54	151.22
297	113.00	150.50
298	410.40	150.70
299	451.50	150.50
300	584.84	152.01
301	592.65	152.31
302	605.75	152.40
303	616.59	152.84
304	683.67	150.33
305	740.32	150.36
306	236.67	151.33
307	286.50	151.00
308	332.75	151.25
309	460.67	151.33
310	549.75	151.25
311	762.67	151.44
312	516.33	151.92
313	636.25	152.25
314	145.89	153.50
315	432.68	154.32
316	442.67	153.33
317	575.83	152.92
318	86.00	154.25
319	153.60	153.95
320	333.50	154.38
321	324.50	154.62
322	395.75	154.50
323	646.40	155.60
324	708.83	154.92
325	167.33	156.81
326	450.30	156.94
327	144.50	156.88
328	273.50	156.50
329	415.25	157.25
330	525.58	157.83
331	705.75	157.00
332	771.65	157.90
333	614.04	158.76
334	534.00	158.75
335	559.75	159.25
336	672.05	159.40
337	247.50	159.50
338	502.76	162.24
339	749.26	160.54
340	432.50	161.89
341	713.75	160.50
342	791.62	163.18
343	224.00	162.25
344	395.71	164.67
345	409.33	162.52
346	590.50	161.50
347	642.60	162.75
348	654.75	162.58
349	272.00	163.25
350	765.25	163.75
351	776.75	163.00
352	186.33	163.67
353	225.08	163.17
354	364.50	165.25
355	671.83	164.33
356	50.75	165.25
357	85.02	166.29
358	266.19	165.81
359	283.60	164.95
360	431.75	165.25
361	588.31	165.44
362	630.14	166.31
363	415.00	166.25
364	597.08	166.81
365	314.25	167.00
366	331.25	167.00
367	428.77	167.03
368	546.83	166.67
369	559.08	167.58
370	569.10	167.70
371	682.28	169.54
372	522.50	168.00
373	140.74	169.19
374	288.50	168.50
375	591.92	169.08
376	301.25	170.25
377	656.25	170.89
378	741.67	170.17
379	751.35	170.20
380	264.50	170.50
381	477.85	171.70
382	568.75	171.00
383	624.58	171.83
384	635.83	170.92
385	790.83	170.67
386	160.19	175.33
387	171.00	172.25
388	401.75	172.25
389	584.73	173.32
390	205.75	172.50
391	267.25	173.00
392	352.05	173.40
393	360.75	173.50
394	643.92	173.83
395	500.50	174.12
396	279.89	175.75
397	329.06	176.31
398	401.50	173.50
399	570.25	174.50
400	626.97	175.97
401	224.75	176.00
402	710.83	176.33
403	131.67	177.08
404	361.50	175.00
405	689.00	177.25
406	122.25	179.00
407	235.75	178.25
408	550.87	178.77
409	346.75	179.00
410	398.00	179.75
411	490.75	179.25
412	544.50	179.38
413	674.00	179.25
414	573.60	180.30
415	77.62	181.50
416	168.40	181.30
417	207.50	181.38
418	228.67	180.92
419	341.60	181.30
420	402.88	183.62
421	684.50	180.50
422	712.75	181.25
423	70.00	182.50
424	307.67	181.67
425	586.67	183.33
426	698.75	182.25
427	163.75	182.50
428	495.75	183.00
429	511.40	182.05
430	574.00	181.50
431	773.00	182.50
432	170.00	182.50
433	276.50	185.75
434	377.72	184.94
435	383.75	184.00
436	491.00	181.50
437	530.75	184.00
438	556.75	184.00
439	672.25	184.75
440	791.75	184.00
441	444.75	185.25
442	526.14	186.43
443	694.15	185.30
444	224.67	186.33
445	470.75	186.25
446	507.00	186.25
447	634.67	186.33
448	727.75	185.50
449	301.60	187.92
450	558.00	185.25
451	614.83	186.92
452	715.25	187.75
453	765.75	186.50
454	780.53	188.57
455	285.83	187.67
456	324.60	187.95
457	571.58	189.36
458	722.00	188.25
459	188.69	189.44
460	254.73	189.60
461	390.33	188.79
462	480.25	189.89
463	672.42	186.92
464	147.19	190.81
465	548.94	190.62
466	652.42	191.44
467	293.67	190.67
468	354.75	191.25
469	539.25	191.25
470	581.25	191.50
471	383.60	192.35
472	447.90	192.85
473	190.75	192.50
474	615.10	193.70
475	402.56	194.81
476	525.25	193.50
477	669.25	194.75
478	742.75	193.50
479	230.67	194.67
480	432.75	195.00
481	516.83	195.33
482	577.71	195.71
483	657.75	195.00
484	305.75	195.50
485	441.67	196.17
486	478.51	197.36
487	56.25	197.25
488	301.50	197.75
489	421.94	197.17
490	590.50	196.50
491	134.67	198.17
492	152.60	198.30
493	685.75	198.00
494	760.67	198.72
495	57.00	198.00
496	197.50	198.50
497	295.00	199.81
498	430.00	199.25
499	598.25	199.36
500	115.00	199.50
501	180.50	200.00
502	321.15	200.30
503	625.30	202.22
504	152.50	199.75
505	670.67	201.33
506	417.00	202.17
507	494.25	202.00
508	643.33	202.08
509	430.67	202.67
510	476.92	203.08
511	677.17	203.42
512	751.75	203.00
513	171.50	204.00
514	235.50	203.50
515	255.00	204.00
516	134.00	205.25
517	319.50	205.75
518	487.60	204.95
519	142.50	206.00
520	375.96	208.46
521	419.75	206.00
522	430.75	206.25
523	511.75	205.50
524	634.75	205.50
525	690.06	206.44
526	177.15	207.05
527	289.50	207.89
528	466.75	207.25
529	768.50	207.61
530	228.25	208.00
531	346.00	208.25
532	351.00	207.75
533	662.75	208.75
534	188.60	209.70
535	384.48	209.35
536	419.75	208.50
537	459.21	210.40
538	478.67	209.19
539	590.08	208.67
540	706.81	209.62
541	784.04	209.76
542	223.89	210.99
543	285.00	209.50
544	473.98	211.35
545	559.33	210.67
546	67.81	211.44
547	392.18	211.89
548	85.08	213.08
549	206.60	212.95
550	238.89	213.75
551	276.08	212.92
552	747.75	212.50
553	377.27	215.30
554	383.96	215.38
555	632.83	213.67
556	419.92	215.08
557	559.24	216.37
558	568.94	215.75
559	270.25	215.50
560	276.33	214.17
561	311.04	216.76
562	348.50	215.62
563	409.32	219.32
564	461.77	216.13
565	474.22	216.67
566	632.50	214.50
567	646.06	216.69
568	683.92	216.08
569	726.79	217.38
570	757.83	216.17
571	294.89	217.75
572	322.33	216.92
573	417.50	217.50
574	470.70	218.60
575	497.60	218.30
576	605.67	217.67
577	151.27	219.73
578	440.00	219.25
579	602.00	219.25
580	780.52	220.30
581	326.25	219.50
582	424.60	220.51
583	146.25	220.50
584	399.33	221.33
585	432.25	221.25
586	615.71	224.55
587	160.25	222.08
588	480.75	221.50
589	491.25	222.75
590	551.75	222.25
591	693.75	222.25
592	719.18	222.89
593	209.50	222.50
594	429.75	223.25
595	504.50	223.00
596	224.33	223.67
597	382.75	223.50
598	417.67	224.08
599	446.67	224.33
600	686.10	224.98
601	772.18	226.29
602	568.75	226.00
603	126.00	226.50
604	324.50	226.00
605	190.09	229.75
606	415.75	226.50
607	549.31	227.19
608	167.50	227.75
609	350.44	228.39
610	488.50	227.75
611	575.17	228.42
612	237.33	229.17
613	340.83	229.33
614	414.00	229.00
615	468.90	229.38
616	585.25	230.25
617	295.75	230.75
618	308.50	230.89
619	481.06	232.78
620	569.15	230.30
621	607.31	230.19
622	719.42	230.72
623	128.67	231.33
624	371.50	231.25
625	385.70	232.19
626	548.79	233.91
627	673.58	231.83
628	237.23	232.86
629	375.50	231.50
630	393.00	232.25
631	758.31	232.44
632	621.80	234.00
633	157.67	234.33
634	291.60	233.95
635	468.50	234.38
636	236.40	233.80
637	267.67	235.33
638	294.75	234.50
639	449.19	235.92
640	542.65	236.22
641	745.75	235.25
642	100.67	235.67
643	201.89	236.50
644	289.11	238.59
645	274.60	238.30
646	539.40	238.19
647	577.77	239.10
648	667.85	238.54
649	681.17	238.42
650	787.31	238.81
651	796.31	238.69
652	279.50	239.25
653	607.00	239.25
654	449.42	240.42
655	655.75	239.50
656	708.25	240.36
657	770.57	240.86
658	775.83	240.33
659	184.67	241.33
660	347.92	242.03
661	460.50	240.50
662	682.92	241.33
663	715.50	241.75
664	745.75	240.50
665	369.47	243.06
666	375.29	243.42
667	428.29	242.15
668	604.55	243.63
669	624.61	245.24
670	222.05	244.18
671	76.89	244.96
672	191.19	244.67
673	342.00	244.25
674	518.75	244.25
675	656.67	244.33
676	734.33	244.58
677	756.19	244.81
678	238.77	245.03
679	350.27	245.73
680	661.80	245.40
681	765.02	245.05
682	779.50	245.00
683	396.67	246.33
684	503.30	246.40
685	526.75	252.43
686	695.67	246.33
687	713.75	246.00
688	742.04	248.50
689	770.31	247.19
690	313.77	248.13
691	435.00	248.50
692	492.75	248.50
693	532.50	249.89
694	594.25	250.04
695	319.75	249.50
696	418.81	250.67
697	667.88	250.40
698	724.17	250.42
699	789.75	249.50
700	248.60	250.95
701	263.29	252.16
702	294.15	251.30
703	361.60	250.95
704	443.75	250.50
705	731.50	252.54
706	355.89	252.75
707	190.25	253.89
708	285.81	253.44
709	419.67	251.67
710	647.75	253.25
711	716.83	253.17
712	761.60	252.95
713	416.75	254.00
714	443.74	255.98
715	617.75	254.50
716	669.25	256.00
717	730.00	253.25
718	153.33	256.33
719	275.81	256.67
720	292.36	257.94
721	343.67	256.33
722	376.75	255.50
723	501.08	255.67
724	678.21	257.43
725	125.24	257.94
726	482.90	257.75
727	85.89	258.75
728	207.81	258.81
729	231.27	259.33
730	247.75	257.75
731	635.75	257.50
732	219.75	259.25
733	427.75	258.50
734	668.74	261.32
735	775.31	259.81
736	764.67	260.33
737	77.50	261.75
738	128.44	261.81
739	572.64	261.75
740	581.75	260.50
741	612.25	261.36
742	739.19	261.81
743	752.00	260.75
744	427.75	261.50
745	472.75	262.00
746	265.25	264.00
747	277.75	263.36
748	316.67	263.33
749	333.19	263.81
750	376.25	263.00
751	532.25	263.42
752	653.75	263.25
753	210.25	264.25
754	227.17	264.42
755	287.87	264.77
756	575.67	264.33
757	779.35	263.95
758	160.74	267.07
759	594.75	264.75
760	647.86	265.70
761	663.75	264.50
762	417.33	266.67
763	487.67	266.44
764	514.92	266.08
765	654.00	264.50
766	100.60	266.95
767	282.50	267.00
768	306.83	267.83
769	340.15	267.05
770	373.60	266.70
771	404.50	266.50
772	483.83	266.67
773	552.60	266.95
774	696.27	269.24
775	783.75	267.00
776	210.56	269.21
777	291.75	268.25
778	565.92	268.83
779	596.60	268.20
780	654.67	268.33
781	317.94	270.73
782	335.33	269.33
783	489.75	269.25
784	540.00	269.25
785	606.50	269.12
786	643.15	269.30
787	799.00	268.50
788	103.81	270.67
789	175.67	270.33
790	411.50	270.38
791	442.75	269.50
792	495.50	269.50
793	535.40	270.73
794	549.18	272.51
795	723.60	269.95
796	260.50	271.50
797	294.50	271.50
798	372.44	272.00
799	637.00	271.25
800	671.25	271.11
801	460.65	272.52
802	756.83	272.17
803	798.00	272.74
804	147.75	272.75
805	306.58	273.58
806	335.50	271.00
807	344.56	273.44
808	398.05	273.40
809	576.40	273.30
810	593.52	278.11
811	506.17	274.42
812	691.83	273.67
813	432.00	274.50
814	190.50	276.50
815	374.60	276.30
816	419.85	276.40
817	173.50	277.00
818	295.75	276.50
819	479.20	277.60
820	281.50	278.50
821	412.05	278.40
822	496.00	278.25
823	246.75	278.75
824	308.25	279.00
825	315.03	280.19
826	423.75	279.25
827	472.54	282.45
828	492.08	278.67
829	505.25	279.75
830	565.75	278.50
831	656.87	279.88
832	704.75	278.50
833	721.48	279.47
834	354.36	281.39
835	56.50	281.38
836	249.60	280.95
837	608.62	281.96
838	736.17	281.42
839	198.40	282.30
840	389.17	282.42
841	416.86	284.93
842	580.67	282.33
843	604.75	281.50
844	757.08	282.33
845	790.24	286.05
846	480.50	280.75
847	521.67	283.08
848	563.50	283.00
849	656.15	283.30
850	664.75	282.50
851	300.75	283.50
852	311.66	286.52
853	361.08	284.81
854	397.11	284.75
855	451.39	285.29
856	598.90	285.50
857	715.75	285.25
858	100.50	286.50
859	183.50	286.50
860	200.66	286.95
861	463.61	286.93
862	570.15	286.75
863	165.30	287.50
864	285.00	287.00
865	530.75	287.00
866	644.50	287.25
867	487.60	287.95
868	523.42	288.42
869	608.75	287.50
870	665.25	287.75
871	74.00	289.94
872	215.40	289.16
873	506.00	289.25
874	438.67	290.33
875	670.50	290.50
876	673.75	289.50
877	716.92	290.08
878	140.50	291.50
879	356.00	290.75
880	430.60	291.30
881	442.47	292.83
882	473.78	292.77
883	551.50	291.38
884	586.83	290.67
885	596.25	291.38
886	273.81	292.81
887	297.17	292.42
888	330.67	292.98
889	605.40	295.29
890	660.50	293.00
891	163.50	294.50
892	587.75	293.50
893	687.60	293.95
894	755.02	295.13
895	68.90	296.10
896	138.33	294.67
897	386.81	295.38
898	452.60	294.95
899	507.33	295.67
900	551.50	294.50
901	232.56	296.44
902	484.50	296.00
903	611.75	296.50
904	623.00	295.50
905	694.65	297.05
906	359.50	297.25
907	650.75	296.50
908	327.25	298.00
909	384.50	298.50
910	573.25	297.62
911	587.83	298.17
912	135.89	299.50
913	545.67	299.33
914	733.60	298.95
915	674.67	301.42
916	694.67	301.33
917	779.25	301.85
918	172.75	301.75
919	239.35	302.35
920	508.92	302.67
921	523.25	302.75
922	585.50	302.00
923	667.82	302.80
924	114.82	303.11
925	296.33	303.19
926	601.50	302.62
927	650.50	303.00
928	660.30	303.85
929	785.58	303.92
930	547.25	304.36
931	563.75	303.50
932	612.83	303.67
933	725.75	304.25
934	96.33	305.08
935	442.50	305.38
936	463.25	305.00
937	577.54	306.88
938	529.65	307.11
939	711.50	305.50
940	742.67	306.33
941	400.89	307.50
942	472.96	308.52
943	483.27	307.73
944	542.40	307.30
945	701.52	308.95
946	205.25	309.75
947	208.75	308.50
948	322.75	308.50
949	663.64	309.75
950	216.25	310.00
951	689.83	310.33
952	784.38	311.20
953	67.05	311.40
954	160.25	310.50
955	422.33	311.19
956	543.19	311.19
957	574.60	311.30
958	790.14	311.43
959	239.45	313.07
960	318.00	312.50
961	530.25	312.11
962	775.25	312.50
963	152.75	313.25
964	257.00	313.00
965	290.19	313.67
966	295.75	313.00
967	385.50	312.50
968	415.33	313.81
969	671.76	315.39
970	84.08	314.81
971	209.75	313.50
972	549.83	316.04
973	751.75	314.25
974	280.60	315.90
975	522.75	314.75
976	745.67	316.33
977	448.92	317.08
978	495.00	318.36
979	577.19	317.97
980	717.00	317.75
981	230.49	318.71
982	523.94	319.06
983	689.00	321.58
984	279.75	320.75
985	282.17	317.83
986	366.89	320.75
987	511.36	319.79
988	789.33	319.92
989	201.75	321.00
990	519.19	321.56
991	534.75	321.50
992	376.21	322.92
993	403.92	322.08
994	795.50	322.00
995	71.73	323.27
996	149.75	323.00
997	207.36	324.07
998	222.50	322.50
999	470.08	322.67
1000	557.25	323.11
1001	576.17	323.69
1002	731.67	323.33
1003	769.04	323.76
1004	790.33	321.17
1005	281.50	324.75
1006	501.75	325.00
1007	561.50	325.42
1008	646.45	327.59
1009	111.75	326.25
1010	265.00	326.00
1011	313.11	329.99
1012	320.50	325.50
1013	425.67	326.44
1014	488.25	326.00
1015	721.36	326.34
1016	101.05	327.40
1017	237.67	328.08
1018	516.75	326.50
1019	705.64	327.75
1020	87.44	328.92
1021	207.00	328.50
1022	247.73	328.27
1023	668.40	328.27
1024	724.83	327.67
1025	142.15	329.30
1026	321.05	329.40
1027	389.08	328.67
1028	446.61	329.88
1029	524.83	328.67
1030	541.31	329.56
1031	561.50	327.25
1032	688.56	326.97
1033	173.57	330.23
1034	190.50	330.00
1035	754.75	331.00
1036	472.50	332.00
1037	690.31	333.00
1038	733.32	332.36
1039	179.50	334.00
1040	350.23	333.13
1041	114.89	334.75
1042	162.75	334.00
1043	531.75	334.00
1044	641.25	334.50
1045	706.31	334.44
1046	767.17	334.19
1047	295.13	335.76
1048	448.25	333.50
1049	496.04	335.95
1050	602.75	334.50
1051	685.83	334.67
1052	721.79	335.11
1053	252.08	336.81
1054	273.52	337.82
1055	314.83	336.58
1056	501.92	336.08
1057	143.75	336.50
1058	301.15	337.50
1059	365.70	337.60
1060	420.75	336.50
1061	736.69	339.21
1062	176.67	338.33
1063	256.56	338.44
1064	266.58	338.83
1065	280.50	337.50
1066	553.61	338.50
1067	686.50	337.50
1068	351.50	342.28
1069	408.41	340.06
1070	716.25	339.75
1071	246.18	340.67
1072	290.37	340.89
1073	441.90	340.30
1074	478.76	342.66
1075	505.75	339.50
1076	251.75	338.75
1077	298.72	342.43
1078	301.08	339.17
1079	591.74	341.19
1080	177.50	342.89
1081	241.81	343.08
1082	316.89	342.42
1083	416.15	342.30
1084	532.50	343.30
1085	603.58	342.83
1086	150.25	343.50
1087	572.64	344.50
1088	589.60	343.95
1089	743.64	347.73
1090	431.20	347.42
1091	457.42	345.42
1092	699.83	344.67
1093	129.25	347.25
1094	179.83	347.58
1095	200.33	347.19
1096	305.33	346.92
1097	484.00	347.25
1098	569.50	347.38
1099	590.39	347.79
1100	633.83	346.67
1101	650.00	346.50
1102	788.88	347.06
1103	248.50	347.50
1104	376.17	348.17
1105	442.25	347.50
1106	468.00	347.50
1107	664.75	348.85
1108	694.12	350.49
1109	66.25	348.50
1110	190.50	349.11
1111	254.75	349.89
1112	365.02	350.52
1113	383.90	349.25
1114	629.17	350.62
1115	438.67	350.08
1116	621.62	351.57
1117	710.83	349.67
1118	235.25	351.25
1119	424.34	352.59
1120	533.64	352.41
1121	561.77	352.32
1122	81.33	351.92
1123	354.65	353.31
1124	588.44	354.70
1125	771.27	352.51
1126	162.50	354.67
1127	441.50	352.50
1128	511.26	353.70
1129	574.33	354.08
1130	598.67	353.33
1131	643.02	353.55
1132	790.09	353.95
1133	94.36	357.60
1134	136.12	355.00
1135	186.50	353.50
1136	382.73	354.27
1137	449.60	353.70
1138	681.48	354.67
1139	709.75	353.50
1140	113.90	356.05
1141	210.75	354.50
1142	445.85	355.21
1143	543.00	356.00
1144	579.53	356.87
1145	744.92	356.67
1146	336.75	357.00
1147	619.67	357.33
1148	658.56	357.98
1149	710.17	355.33
1150	171.81	358.19
1151	312.95	358.60
1152	490.75	357.50
1153	554.64	358.50
1154	561.00	358.50
1155	773.67	358.33
1156	330.24	359.34
1157	770.40	359.05
1158	85.22	360.25
1159	198.28	361.46
1160	451.10	360.60
1161	535.75	360.25
1162	560.50	359.75
1163	582.66	360.64
1164	689.75	359.50
1165	715.42	359.67
1166	551.41	364.96
1167	313.50	362.25
1168	590.25	362.64
1169	303.91	364.27
1170	627.79	367.24
1171	680.83	362.67
1172	142.75	364.50
1173	403.58	365.83
1174	460.67	364.67
1175	282.96	366.89
1176	288.40	366.27
1177	314.00	364.00
1178	450.17	366.73
1179	567.92	366.33
1180	610.19	366.67
1181	668.83	365.67
1182	124.90	367.62
1183	560.80	367.90
1184	584.10	372.27
1185	648.22	368.14
1186	660.08	367.50
1187	524.67	367.67
1188	592.94	369.08
1189	681.50	367.50
1190	76.81	369.44
1191	296.75	368.50
1192	381.05	369.40
1193	456.08	371.36
1194	699.19	369.81
1195	91.39	375.86
1196	178.77	370.13
1197	531.89	370.50
1198	692.19	371.00
1199	230.67	371.33
1200	250.25	371.00
1201	368.50	371.89
1202	414.27	371.73
1203	613.17	371.50
1204	387.73	372.60
1205	404.60	372.62
1206	564.08	372.56
1207	436.50	372.50
1208	659.01	378.06
1209	176.75	373.50
1210	751.25	374.00
1211	101.75	374.75
1212	159.50	375.50
1213	192.82	375.11
1214	197.74	375.19
1215	475.91	376.79
1216	531.10	376.35
1217	647.29	376.12
1218	740.06	376.01
1219	125.50	376.25
1220	171.96	377.36
1221	345.67	376.81
1222	731.95	376.85
1223	113.50	376.75
1224	578.39	376.75
1225	155.67	378.33
1226	227.73	378.27
1227	240.75	377.50
1228	459.75	377.50
1229	526.80	378.70
1230	587.25	378.25
1231	76.25	378.75
1232	652.40	379.60
1233	374.75	379.50
1234	397.27	380.73
1235	455.25	380.00
1236	496.82	382.46
1237	287.50	381.89
1238	346.25	380.50
1239	584.84	381.73
1240	715.75	382.25
1241	69.33	383.08
1242	135.75	383.00
1243	369.50	383.38
1244	522.83	382.67
1245	769.68	383.65
1246	509.04	384.76
1247	643.19	384.81
1248	709.12	385.61
1249	153.26	386.63
1250	521.75	384.50
1251	633.56	385.19
1252	135.50	384.25
1253	214.50	385.75
1254	797.75	386.50
1255	100.65	388.13
1256	239.75	387.17
1257	254.75	387.89
1258	284.45	388.93
1259	290.07	387.82
1260	132.73	388.27
1261	364.19	388.56
1262	329.19	389.19
1263	420.67	389.33
1264	548.49	393.96
1265	644.16	389.38
1266	666.67	389.33
1267	269.80	391.35
1268	312.50	390.25
1269	374.33	390.33
1270	399.46	390.67
1271	775.17	390.42
1272	184.50	391.38
1273	307.00	390.75
1274	384.08	391.25
1275	442.30	393.79
1276	739.75	391.25
1277	73.35	393.10
1278	370.50	392.25
1279	580.75	391.50
1280	52.56	393.29
1281	531.42	393.96
1282	687.94	393.56
1283	128.13	394.77
1284	343.67	394.33
1285	712.36	394.34
1286	124.75	394.50
1287	322.25	395.00
1288	498.67	395.44
1289	572.40	395.60
1290	612.25	396.00
1291	639.75	395.25
1292	773.12	395.38
1293	779.40	395.52
1294	273.75	395.75
1295	288.12	396.06
1296	350.00	396.50
1297	371.25	397.00
1298	399.74	396.61
1299	584.75	396.25
1300	658.68	399.17
1301	116.75	396.50
1302	118.25	396.50
1303	395.25	397.11
1304	78.75	397.50
1305	133.05	399.85
1306	232.75	398.50
1307	434.89	399.50
1308	436.75	399.25
1309	723.58	399.89
1310	737.55	400.71
1311	239.50	400.23
1312	369.75	399.75
1313	639.65	403.05
1314	498.83	400.67
1315	646.67	401.33
1316	788.75	400.75
1317	194.75	401.50
1318	338.75	402.00
1319	532.68	402.98
1320	578.87	403.25
1321	615.60	401.70
1322	747.75	402.00
1323	310.60	403.30
1324	471.75	402.50
1325	554.17	403.42
1326	150.19	404.81
1327	211.19	404.67
1328	268.81	404.67
1329	278.50	403.75
1330	356.50	405.05
1331	448.50	404.50
1332	457.64	404.04
1333	599.75	404.47
1334	674.64	404.75
1335	719.75	404.00
1336	129.25	405.11
1337	178.70	405.60
1338	434.75	404.50
1339	529.00	405.25
1340	70.75	405.50
1341	305.67	406.33
1342	60.25	407.00
1343	175.85	407.30
1344	524.51	410.13
1345	735.67	407.33
1346	82.75	409.00
1347	227.23	407.87
1348	646.82	413.72
1349	442.25	409.11
1350	455.25	409.25
1351	483.93	409.98
1352	665.64	409.25
1353	94.89	410.75
1354	188.50	410.50
1355	493.00	410.25
1356	752.58	410.56
1357	96.75	410.75
1358	252.75	411.50
1359	291.50	411.50
1360	537.75	412.25
1361	718.17	412.42
1362	310.75	413.00
1363	512.47	413.19
1364	555.50	413.00
1365	296.40	415.05
1366	345.50	413.50
1367	585.00	414.00
1368	235.00	414.50
1369	387.33	415.19
1370	479.32	416.32
1371	57.68	417.61
1372	252.00	415.75
1373	339.05	417.00
1374	378.83	415.67
1375	468.25	417.00
1376	546.82	417.13
1377	562.31	416.44
1378	579.75	416.00
1379	734.25	416.00
1380	759.10	416.81
1381	68.67	417.81
1382	317.25	416.50
1383	473.75	417.00
1384	664.50	417.00
1385	683.38	418.08
1386	329.56	418.81
1387	356.75	418.25
1388	534.69	419.28
1389	291.25	419.00
1390	609.73	420.93
1391	176.50	419.62
1392	282.15	420.05
1393	362.75	420.25
1394	508.11	420.50
1395	178.75	420.50
1396	393.50	420.75
1397	423.89	421.50
1398	595.25	420.75
1399	108.88	422.50
1400	232.73	422.27
1401	347.50	422.38
1402	382.75	421.50
1403	515.00	422.25
1404	550.50	422.64
1405	620.38	423.75
1406	655.35	421.70
1407	391.67	423.17
1408	216.75	423.75
1409	737.70	424.85
1410	401.10	426.70
1411	583.67	425.33
1412	727.57	425.25
1413	373.75	426.00
1414	414.75	426.25
1415	528.25	427.50
1416	687.75	427.00
1417	698.82	427.31
1418	777.79	428.36
1419	56.70	428.60
1420	309.80	429.64
1421	466.83	428.67
1422	554.04	429.11
1423	605.75	429.00
1424	722.75	429.25
1425	752.75	430.25
1426	243.89	430.50
1427	393.17	430.42
1428	680.50	430.25
1429	738.12	431.19
1430	114.64	432.38
1431	620.56	431.56
1432	772.00	430.75
1433	174.50	432.11
1434	387.75	431.75
1435	464.10	432.90
1436	593.14	433.57
1437	223.00	432.75
1438	290.75	433.25
1439	391.50	433.62
1440	404.75	433.50
1441	423.67	433.33
1442	443.50	432.62
1443	575.13	433.77
1444	633.50	433.38
1445	258.24	434.26
1446	541.36	434.83
1447	653.50	434.00
1448	683.07	433.87
1449	765.31	434.44
1450	175.00	433.25
1451	204.81	438.81
1452	641.58	436.12
1453	633.27	437.61
1454	516.85	437.80
1455	536.75	438.00
1456	653.50	435.75
1457	716.67	437.67
1458	788.83	437.67
1459	381.03	441.51
1460	590.83	439.33
1461	673.06	438.94
1462	776.22	440.16
1463	258.50	440.00
1464	660.30	442.52
1465	751.10	442.25
1466	166.75	441.89
1467	273.67	441.33
1468	370.75	440.50
1469	516.67	441.33
1470	178.33	443.18
1471	304.09	442.09
1472	348.12	442.50
1473	588.75	441.50
1474	690.33	442.17
1475	211.50	443.11
1476	241.33	442.67
1477	349.25	442.50
1478	448.75	444.00
1479	648.83	443.33
1480	680.50	444.00
1481	184.25	445.50
1482	393.67	446.33
1483	523.60	445.95
1484	635.93	446.76
1485	708.71	446.39
1486	207.34	447.87
1487	274.11	447.50
1488	299.81	447.81
1489	334.75	447.25
1490	428.75	447.00
1491	627.23	447.27
1492	85.73	448.27
1493	249.75	447.50
1494	418.84	448.94
1495	467.58	448.36
1496	504.63	449.15
1497	562.25	448.50
1498	354.00	448.75
1499	367.33	448.92
1500	472.17	449.42
1501	595.73	449.27
1502	149.26	450.50
1503	197.40	451.05
1504	232.40	450.05
1505	665.17	451.45
1506	273.50	451.38
1507	459.58	451.58
1508	612.75	450.75
1509	640.07	454.21
1510	265.36	452.92
1511	294.67	452.33
1512	377.10	452.06
1513	562.25	450.00
1514	581.67	452.33
1515	96.50	452.50
1516	356.60	452.95
1517	427.56	454.00
1518	517.87	453.77
1519	619.10	453.27
1520	623.31	454.19
1521	731.05	454.40
1522	359.75	454.50
1523	417.27	458.01
1524	430.67	455.33
1525	546.80	455.15
1526	608.50	455.89
1527	714.25	454.75
1528	55.33	456.33
1529	210.40	456.05
1530	323.05	456.40
1531	496.60	455.95
1532	555.35	455.70
1533	689.42	456.22
1534	275.25	458.44
1535	311.50	456.50
1536	316.50	456.75
1537	461.50	457.00
1538	531.57	457.73
1539	354.00	459.10
1540	370.50	457.62
1541	460.75	457.50
1542	604.90	458.48
1543	722.68	458.89
1544	383.67	458.67
1545	522.60	459.50
1546	612.83	458.67
1547	797.75	458.50
1548	248.50	460.38
1549	362.67	460.33
1550	438.31	460.95
1551	472.17	460.42
1552	698.97	460.23
1553	331.60	461.05
1554	355.75	459.75
1555	389.75	460.50
1556	568.75	461.00
1557	670.50	460.75
1558	688.33	461.81
1559	97.81	462.19
1560	252.50	462.25
1561	683.30	463.05
1562	218.00	463.00
1563	287.08	462.92
1564	303.75	462.50
1565	355.09	464.68
1566	381.05	463.40
1567	556.75	462.75
1568	169.73	464.27
1569	406.21	466.13
1570	467.11	466.00
1571	485.08	465.56
1572	624.20	466.15
1573	206.35	470.29
1574	700.75	466.25
1575	746.45	467.10
1576	275.58	467.33
1577	384.75	466.50
1578	447.75	467.00
1579	523.83	467.33
1580	567.61	466.71
1581	576.35	467.03
1582	368.41	470.72
1583	418.33	468.92
1584	712.75	468.42
1585	719.19	468.81
1586	328.08	469.81
1587	339.14	474.26
1588	600.75	469.00
1589	762.36	469.34
1590	91.00	469.50
1591	282.50	470.89
1592	390.89	470.75
1593	605.93	470.76
1594	142.92	471.08
1595	437.77	471.14
1596	478.92	471.08
1597	673.11	471.50
1598	723.49	472.31
1599	536.50	472.42
1600	540.95	473.13
1601	735.83	471.67
1602	448.17	473.75
1603	530.87	473.77
1604	548.05	474.14
1605	692.46	473.24
1606	429.38	473.88
1607	449.83	473.92
1608	483.10	474.84
1609	525.25	474.25
1610	651.25	474.89
1611	329.87	475.88
1612	471.58	475.83
1613	596.99	478.09
1614	626.60	474.95
1615	776.67	475.33
1616	142.84	477.19
1617	154.00	476.50
1618	400.11	476.50
1619	496.58	478.35
1620	509.52	476.89
1621	665.50	476.28
1622	736.00	475.50
1623	391.89	477.50
1624	538.77	477.68
1625	622.50	477.00
1626	797.25	477.50
1627	412.75	478.25
1628	479.75	478.25
1629	490.31	478.19
1630	616.21	479.29
1631	752.33	479.15
1632	250.75	479.89
1633	693.75	478.50
1634	212.14	480.04
1635	565.69	480.90
1636	714.67	480.81
1637	549.83	480.67
1638	171.98	484.45
1639	467.67	482.33
1640	518.75	482.26
1641	702.56	482.31
1642	284.65	484.10
1643	325.60	484.70
1644	362.88	483.38
1645	434.50	482.75
1646	636.98	483.29
1647	789.00	483.39
1648	393.57	484.11
1649	697.23	484.27
1650	364.00	484.25
1651	478.64	485.50
1652	632.64	485.75
1653	535.15	486.30
1654	778.05	486.40
1655	797.36	486.67
1656	102.08	487.81
1657	347.50	487.89
1658	357.00	487.25
1659	465.33	486.67
1660	581.75	487.00
1661	627.92	486.92
1662	734.80	487.40
1663	386.75	488.00
1664	782.86	490.55
1665	787.60	487.95
1666	213.75	489.89
1667	262.75	489.25
1668	293.19	489.92
1669	669.25	489.50
1670	474.63	491.46
1671	519.50	490.00
1672	274.33	490.67
1673	383.33	490.67
1674	523.76	494.65
1675	555.75	490.50
1676	580.70	491.60
1677	130.50	491.50
1678	350.00	491.75
1679	488.94	494.96
1680	499.75	491.50
1681	681.75	492.00
1682	757.75	492.00
1683	157.53	497.01
1684	322.75	493.00
1685	463.75	493.25
1686	567.06	494.28
1687	612.04	493.87
1688	437.94	497.29
1689	546.60	493.95
1690	584.17	494.42
1691	268.83	495.17
1692	329.33	494.92
1693	452.76	497.22
1694	459.75	495.75
1695	252.25	497.25
1696	167.33	497.67
1697	194.58	498.58
1698	288.08	499.25
1699	654.00	498.00
1700	662.43	498.53
1701	676.64	497.96
1702	734.00	497.00
1703	745.05	498.60
1704	190.70	501.60
1705	225.92	500.33
1706	373.50	500.00
1707	509.08	499.67
1708	556.29	501.54
1709	591.56	501.02
1710	99.00	500.75
1711	333.89	501.43
1712	536.37	505.50
1713	566.05	501.40
1714	342.26	505.14
1715	359.67	502.33
1716	380.50	501.75
1717	232.58	503.58
1718	326.75	503.00
1719	426.50	503.00
1720	466.87	503.88
1721	612.75	503.25
1722	625.00	504.15
1723	670.25	504.50
1724	723.50	504.50
1725	524.47	506.78
1726	458.75	507.25
1727	489.75	506.50
1728	178.78	509.10
1729	500.08	508.81
1730	659.83	508.82
1731	717.05	508.40
1732	132.84	509.60
1733	587.50	508.75
1734	122.65	511.60
1735	645.75	509.75
1736	783.75	509.50
1737	81.50	511.89
1738	454.67	513.70
1739	459.50	509.25
1740	485.00	510.75
1741	527.08	510.67
1742	636.00	510.50
1743	732.75	510.50
1744	770.50	510.50
1745	788.50	513.69
1746	465.50	512.00
1747	706.75	511.75
1748	200.74	513.19
1749	712.83	512.67
1750	604.40	514.27
1751	615.33	513.92
1752	677.31	514.44
1753	700.25	513.62
1754	729.17	516.50
1755	206.05	515.60
1756	314.33	515.81
1757	421.56	516.33
1758	772.75	514.50
1759	105.92	515.67
1760	397.14	520.62
1761	411.67	516.33
1762	684.75	516.00
1763	194.05	517.40
1764	243.08	516.67
1765	323.83	516.67
1766	512.50	517.25
1767	624.80	518.40
1768	449.00	519.50
1769	517.60	519.05
1770	523.96	519.33
1771	646.65	521.93
1772	273.79	524.40
1773	478.33	521.23
1774	495.73	520.27
1775	573.17	520.42
1776	76.42	521.17
1777	111.95	521.40
1778	488.12	524.95
1779	581.18	523.67
1780	673.75	520.50
1781	690.50	520.50
1782	208.60	521.70
1783	507.25	522.00
1784	590.40	521.70
1785	632.15	524.25
1786	657.55	522.94
1787	768.75	521.75
1788	741.60	524.00
1789	764.75	522.50
1790	264.90	525.10
1791	775.28	525.44
1792	393.50	524.62
1793	415.75	524.75
1794	706.01	526.05
1795	751.17	525.33
1796	280.50	526.50
1797	384.43	526.38
1798	421.56	526.19
1799	496.19	526.81
1800	64.44	527.66
1801	244.00	527.25
1802	257.08	528.78
1803	413.25	527.11
1804	537.22	528.82
1805	562.32	528.22
1806	89.50	527.50
1807	178.33	527.67
1808	467.38	529.27
1809	621.60	528.05
1810	370.33	529.33
1811	449.70	529.32
1812	493.00	528.75
1813	600.58	529.58
1814	613.67	529.08
1815	658.31	529.19
1816	685.52	530.83
1817	587.60	529.95
1818	92.50	530.50
1819	179.50	529.25
1820	310.35	534.99
1821	330.67	531.33
1822	629.50	530.50
1823	715.83	530.67
1824	229.19	532.33
1825	341.60	531.70
1826	506.31	532.19
1827	561.79	529.88
1828	652.50	532.50
1829	762.58	535.96
1830	784.02	532.33
1831	135.08	532.67
1832	171.00	532.75
1833	430.30	536.37
1834	89.89	534.25
1835	245.05	534.40
1836	336.80	534.40
1837	517.41	535.98
1838	545.81	535.06
1839	690.40	534.30
1840	295.50	535.00
1841	468.75	536.05
1842	476.75	534.50
1843	552.05	535.40
1844	586.40	535.30
1845	653.50	533.50
1846	792.75	535.00
1847	188.75	535.75
1848	258.67	536.33
1849	479.60	535.95
1850	657.08	535.67
1851	727.25	536.92
1852	785.17	533.83
1853	241.50	536.50
1854	563.57	537.36
1855	595.56	537.19
1856	668.30	539.78
1857	235.00	537.50
1858	251.75	538.00
1859	290.25	539.22
1860	337.74	541.81
1861	422.08	538.97
1862	554.17	538.42
1863	739.20	538.07
1864	303.56	539.81
1865	570.31	543.89
1866	244.81	541.08
1867	512.33	540.33
1868	541.65	543.30
1869	256.60	541.05
1870	317.75	541.25
1871	474.67	540.67
1872	690.91	541.98
1873	718.40	542.25
1874	427.00	542.00
1875	590.31	543.59
1876	246.25	541.75
1877	379.25	548.65
1878	404.50	543.50
1879	553.83	543.25
1880	114.50	545.50
1881	191.00	546.00
1882	201.52	546.66
1883	263.02	546.07
1884	271.67	544.67
1885	422.92	545.08
1886	655.87	548.81
1887	669.25	545.00
1888	355.92	547.72
1889	491.30	549.23
1890	621.56	546.19
1891	227.81	547.44
1892	83.55	551.00
1893	496.00	547.50
1894	532.15	548.05
1895	781.10	548.90
1896	536.50	549.89
1897	704.00	549.50
1898	265.58	550.58
1899	476.33	549.67
1900	599.45	551.99
1901	770.19	550.81
1902	517.19	551.67
1903	636.06	551.24
1904	727.40	551.60
1905	755.91	551.73
1906	233.50	551.75
1907	353.17	552.42
1908	360.06	553.06
1909	264.62	553.50
1910	328.14	554.08
1911	548.27	553.73
1912	780.67	553.33
1913	448.75	553.50
1914	751.13	555.27
1915	490.33	555.33
1916	631.31	556.08
1917	670.42	555.42
1918	175.50	556.12
1919	192.81	556.33
1920	237.00	556.25
1921	307.00	555.75
1922	703.50	555.50
1923	150.05	557.40
1924	310.60	556.95
1925	400.50	557.00
1926	404.50	557.00
1927	306.25	556.50
1928	330.79	558.14
1929	673.73	560.96
1930	293.75	562.37
1931	422.15	559.30
1932	490.50	557.00
1933	550.75	559.00
1934	652.50	558.50
1935	735.50	559.25
1936	140.50	559.62
1937	245.50	559.50
1938	276.73	560.27
1939	614.75	560.25
1940	627.75	561.25
1941	764.20	564.52
1942	165.50	561.50
1943	344.50	561.50
1944	772.52	563.32
1945	167.00	562.00
1946	569.25	564.00
1947	622.34	564.76
1948	626.50	562.00
1949	649.17	564.92
1950	318.75	563.50
1951	441.25	564.25
1952	515.25	563.62
1953	407.97	565.23
1954	501.83	565.25
1955	636.75	565.50
1956	719.42	565.19
1957	114.89	566.25
1958	152.33	566.67
1959	213.33	566.67
1960	405.05	567.40
1961	596.75	567.25
1962	688.64	567.50
1963	206.75	568.89
1964	432.25	568.25
1965	455.27	568.73
1966	484.97	568.23
1967	609.50	567.50
1968	756.67	567.67
1969	104.58	569.58
1970	327.50	569.11
1971	760.67	568.67
1972	776.25	569.25
1973	51.50	570.50
1974	491.00	570.50
1975	394.08	571.56
1976	617.19	571.81
1977	675.58	571.17
1978	765.00	571.50
1979	490.25	571.50
1980	525.08	571.67
1981	533.75	572.50
1982	547.75	572.00
1983	207.00	570.75
1984	530.19	573.81
1985	633.75	573.50
1986	691.32	573.36
1987	792.16	574.53
1988	158.50	573.50
1989	448.77	575.48
1990	673.31	574.19
1991	165.98	575.41
1992	562.60	574.70
1993	596.89	575.73
1994	370.75	575.50
1995	422.56	576.31
1996	510.50	575.62
1997	565.84	576.40
1998	684.75	575.75
1999	767.31	576.44
2000	322.58	581.00
2001	393.00	577.00
2002	504.82	577.68
2003	690.56	579.81
2004	797.65	577.98
2005	52.03	578.97
2006	482.00	578.25
2007	517.17	578.17
2008	608.44	580.17
2009	94.33	578.67
2010	779.75	579.00
2011	159.50	580.00
2012	598.17	580.19
2013	112.75	581.11
2014	272.50	580.50
2015	289.33	580.67
2016	436.75	580.50
2017	490.27	583.43
2018	495.31	581.44
2019	744.75	582.00
2020	786.50	581.38
2021	477.75	581.50
2022	503.75	582.00
2023	564.00	581.50
2024	153.50	583.25
2025	225.75	582.75
2026	619.17	583.42
2027	634.36	584.50
2028	705.75	583.50
2029	730.75	583.50
2030	443.53	587.41
2031	572.13	590.86
2032	772.75	584.75
2033	775.83	584.67
2034	96.33	585.67
2035	195.33	585.67
2036	203.50	585.75
2037	341.50	585.50
2038	769.75	585.50
2039	327.90	589.51
2040	421.00	587.50
2041	525.17	588.20
2042	787.25	586.62
2043	239.50	588.38
2044	581.50	587.50
2045	659.67	588.33
2046	764.00	587.62
2047	315.91	589.82
2048	489.74	590.09
2049	732.83	589.67
2050	780.11	590.50
2051	534.08	590.67
2052	637.75	590.75
2053	173.67	591.67
2054	307.50	591.50
2055	411.58	592.58
2056	598.67	592.33
2057	656.50	592.00
2058	739.07	591.87
2059	587.25	592.50
2060	625.75	594.00
2061	777.89	595.31
2062	324.58	595.58
2063	478.31	595.19
2064	535.50	594.62
2065	162.75	595.50
2066	170.75	596.00
2067	336.75	595.50
2068	449.75	595.50
2069	613.05	599.21
2070	559.81	600.66
2071	229.67	598.08
2072	240.67	599.81
2073	414.03	599.92
2074	443.60	600.20
2075	495.75	600.99
2076	276.92	601.33
2077	634.36	601.64
2078	386.08	602.25
2079	542.02	603.04
2080	579.17	602.17
2081	751.00	602.25
2082	765.11	602.57
2083	389.83	603.67
2084	140.50	604.50
2085	204.75	604.50
2086	706.44	604.91
2087	760.25	605.89
2088	126.08	605.92
2089	437.75	605.50
2090	534.75	605.50
2091	628.08	607.56
2092	667.25	608.00
2093	167.25	608.25
2094	197.81	608.33
2095	326.00	607.75
2096	367.08	607.92
2097	390.06	612.46
2098	479.25	610.00
2099	636.75	608.75
2100	674.25	609.11
2101	358.77	610.14
2102	450.95	610.40
2103	565.11	610.71
2104	609.75	610.00
2105	754.94	610.17
2106	260.08	610.92
2107	360.60	610.20
2108	547.83	610.67
2109	700.40	611.27
2110	495.31	613.43
2111	628.67	612.33
2112	334.75	613.00
2113	224.94	616.03
2114	413.08	613.92
2115	443.35	613.70
2116	523.25	614.50
2117	559.25	615.11
2118	580.50	614.50
2119	280.33	615.92
2120	365.22	617.46
2121	408.75	616.25
2122	602.83	616.33
2123	657.33	616.02
2124	664.43	616.92
2125	445.25	617.10
2126	453.50	616.50
2127	675.50	616.50
2128	328.03	620.95
2129	351.92	618.08
2130	281.50	619.50
2131	471.40	619.27
2132	319.85	620.20
2133	442.83	620.28
2134	563.50	620.00
2135	692.50	620.38
2136	289.12	621.06
2137	390.50	620.50
2138	409.14	621.77
2139	480.92	621.33
2140	618.75	620.50
2141	267.50	621.75
2142	355.33	622.19
2143	466.64	623.50
2144	578.67	623.67
2145	728.70	624.60
2146	481.38	627.55
2147	784.07	625.87
2148	61.15	628.00
2149	729.50	625.50
2150	738.67	627.62
2151	141.67	627.67
2152	366.42	628.17
2153	370.58	628.83
2154	466.08	628.58
2155	525.97	628.23
2156	362.04	629.18
2157	434.67	628.67
2158	606.85	629.20
2159	700.67	629.33
2160	113.79	633.11
2161	403.50	630.50
2162	572.92	630.83
2163	617.31	631.19
2164	79.50	631.50
2165	212.72	633.17
2166	556.40	633.30
2167	580.75	632.50
2168	591.25	633.25
2169	714.10	633.50
2170	775.15	633.92
2171	388.89	634.50
2172	541.08	633.67
2173	678.76	634.29
2174	323.67	635.34
2175	395.83	634.67
2176	488.69	635.22
2177	519.67	635.33
2178	57.08	636.77
2179	90.95	636.60
2180	233.79	637.20
2181	454.50	635.62
2182	618.50	636.50
2183	224.21	639.83
2184	433.75	637.25
2185	504.64	637.62
2186	602.75	637.75
2187	610.33	636.67
2188	652.11	637.50
2189	746.56	639.69
2190	533.75	638.00
2191	538.75	638.25
2192	451.50	639.00
2193	569.99	641.74
2194	416.81	641.00
2195	286.44	642.44
2196	502.75	640.75
2197	553.74	645.27
2198	582.19	641.75
2199	725.75	641.50
2200	394.77	643.14
2201	526.00	643.50
2202	531.56	643.19
2203	699.68	644.12
2204	587.25	644.25
2205	667.19	644.92
2206	711.67	644.67
2207	276.50	644.50
2208	301.60	644.70
2209	525.75	644.75
2210	738.75	645.00
2211	455.56	646.19
2212	564.75	645.75
2213	239.81	650.36
2214	754.25	647.50
2215	791.75	646.50
2216	127.50	648.00
2217	475.90	650.75
2218	542.75	648.00
2219	773.02	648.33
2220	165.50	649.62
2221	250.15	649.05
2222	350.50	648.50
2223	508.75	649.25
2224	512.20	650.07
2225	526.67	648.67
2226	498.10	650.40
2227	612.75	650.50
2228	718.89	650.55
2229	112.47	651.72
2230	542.00	649.50
2231	727.85	653.22
2232	736.33	651.67
2233	754.75	649.00
2234	70.42	652.42
2235	88.20	654.66
2236	390.57	652.09
2237	550.00	652.72
2238	557.75	651.50
2239	131.67	653.33
2240	352.83	653.25
2241	492.64	653.50
2242	744.12	653.31
2243	94.00	654.25
2244	335.50	653.75
2245	752.75	655.06
2246	250.95	655.60
2247	533.70	655.60
2248	107.72	656.83
2249	273.83	656.58
2250	408.67	656.08
2251	524.06	656.75
2252	736.33	653.67
2253	421.75	657.25
2254	439.75	656.50
2255	539.97	657.23
2256	609.33	657.19
2257	154.00	657.75
2258	737.75	657.75
2259	493.67	663.98
2260	585.35	659.60
2261	572.75	659.50
2262	677.17	660.42
2263	280.75	661.50
2264	590.00	661.00
2265	556.63	663.02
2266	106.75	662.75
2267	214.17	664.17
2268	456.31	664.52
2269	531.43	664.50
2270	596.31	664.88
2271	620.18	667.17
2272	680.70	664.60
2273	92.08	664.67
2274	583.50	664.75
2275	692.00	665.00
2276	300.28	667.75
2277	552.67	667.08
2278	631.68	668.21
2279	116.50	667.50
2280	291.75	668.15
2281	517.19	668.31
2282	698.75	667.75
2283	740.46	670.64
2284	791.17	668.42
2285	110.50	669.00
2286	765.85	671.33
2287	778.00	669.50
2288	755.30	671.45
2289	193.50	671.50
2290	395.75	671.75
2291	516.90	672.35
2292	554.87	672.82
2293	637.30	673.76
2294	542.64	674.25
2295	585.14	674.66
2296	210.92	675.33
2297	700.17	674.92
2298	748.81	675.33
2299	359.50	675.50
2300	664.00	676.25
2301	156.33	677.08
2302	388.27	677.73
2303	236.50	677.50
2304	272.50	677.75
2305	287.50	677.75
2306	242.08	679.58
2307	636.75	678.50
2308	711.08	678.67
2309	227.25	679.75
2310	635.25	681.08
2311	721.00	681.50
2312	168.50	682.64
2313	216.25	681.50
2314	255.67	682.08
2315	333.33	682.08
2316	508.96	681.91
2317	611.67	682.58
2318	767.88	682.50
2319	433.60	682.70
2320	532.83	682.67
2321	534.25	682.50
2322	292.50	683.50
2323	341.52	685.18
2324	560.75	684.25
2325	684.25	685.50
2326	153.50	685.50
2327	234.25	685.75
2328	258.80	686.15
2329	290.50	685.50
2330	395.67	686.33
2331	417.94	686.12
2332	291.50	686.00
2333	444.77	688.32
2334	739.06	687.81
2335	795.67	686.67
2336	235.00	686.50
2337	449.92	688.15
2338	509.75	687.50
2339	367.55	690.68
2340	795.50	688.00
2341	322.75	691.00
2342	555.29	690.86
2343	107.44	692.88
2344	284.40	692.05
2345	222.67	693.58
2346	273.25	692.50
2347	320.67	693.81
2348	348.94	693.14
2349	524.67	695.20
2350	560.81	695.08
2351	596.28	695.02
2352	760.75	693.50
2353	450.03	698.91
2354	465.11	695.50
2355	422.07	699.28
2356	507.78	696.73
2357	537.77	696.14
2358	753.40	696.27
2359	788.33	696.81
2360	132.40	697.10
2361	305.25	697.11
2362	95.67	698.81
2363	704.48	698.33
2364	177.33	699.42
2365	384.00	699.50
2366	139.75	699.75
2367	393.64	699.94
2368	537.67	700.33
2369	347.85	703.49
2370	621.75	702.38
2371	371.00	703.25
2372	398.33	702.92
2373	687.25	703.00
2374	746.33	703.02
2375	79.93	704.73
2376	336.56	705.00
2377	483.25	704.12
2378	502.37	707.31
2379	174.67	705.33
2380	690.34	708.13
2381	791.21	705.58
2382	379.50	706.50
2383	516.52	706.47
2384	425.15	707.10
2385	536.16	708.27
2386	597.04	708.32
2387	671.83	706.67
2388	700.33	707.21
2389	761.75	706.75
2390	205.83	708.58
2391	623.10	708.70
2392	92.27	709.40
2393	464.75	709.50
2394	547.17	710.42
2395	760.83	710.33
2396	368.77	711.14
2397	424.25	712.92
2398	521.92	711.92
2399	753.83	711.67
2400	551.41	716.36
2401	666.19	712.81
2402	775.25	713.50
2403	282.25	713.75
2404	385.50	714.11
2405	476.15	715.10
2406	54.34	715.84
2407	585.50	714.75
2408	792.75	715.64
2409	338.75	716.25
2410	358.33	716.02
2411	466.75	716.50
2412	529.67	716.67
2413	648.78	717.83
2414	397.67	717.83
2415	657.05	718.40
2416	573.75	718.75
2417	726.75	719.00
2418	376.67	719.83
2419	508.11	720.25
2420	645.50	719.62
2421	700.75	719.50
2422	580.63	721.75
2423	681.30	721.10
2424	721.08	721.56
2425	242.75	721.50
2426	380.13	722.26
2427	87.25	723.25
2428	333.64	723.71
2429	390.25	723.25
2430	408.92	726.21
2431	495.50	724.25
2432	529.75	723.25
2433	418.75	725.00
2434	536.60	724.70
2435	659.43	728.02
2436	376.92	726.33
2437	268.50	726.50
2438	565.92	728.21
2439	153.33	727.67
2440	420.00	726.25
2441	593.92	728.33
2442	583.50	728.62
2443	652.75	728.50
2444	153.00	728.50
2445	250.50	729.75
2446	342.11	730.25
2447	478.50	730.77
2448	539.91	733.44
2449	720.40	730.05
2450	192.00	731.50
2451	555.00	730.50
2452	579.50	731.38
2453	150.92	732.08
2454	328.25	732.00
2455	431.50	731.50
2456	507.22	733.49
2457	650.67	731.67
2458	675.26	733.03
2459	273.42	733.42
2460	285.23	732.97
2461	376.66	734.03
2462	438.02	733.33
2463	667.67	732.67
2464	728.83	734.12
2465	101.50	733.50
2466	620.50	733.75
2467	283.89	737.75
2468	279.75	737.50
2469	466.02	738.93
2470	476.50	737.75
2471	668.75	737.75
2472	413.89	740.50
2473	448.00	739.75
2474	545.75	741.25
2475	554.33	740.67
2476	140.02	743.19
2477	153.17	742.17
2478	208.81	743.08
2479	577.13	746.21
2480	594.46	743.24
2481	692.31	743.19
2482	79.50	744.38
2483	532.75	743.75
2484	709.25	744.50
2485	772.77	745.18
2486	283.08	744.67
2487	521.50	744.50
2488	658.25	744.75
2489	748.75	745.00
2490	412.85	746.20
2491	557.38	748.20
2492	623.85	747.95
2493	547.50	747.38
2494	239.17	748.17
2495	305.83	747.67
2496	756.19	748.56
2497	404.77	749.14
2498	323.83	750.58
2499	412.17	750.72
2500	541.50	750.00
2501	701.83	749.67
2502	399.60	750.70
2503	455.01	752.92
2504	465.58	752.33
2505	144.50	753.75
2506	625.50	753.50
2507	629.75	754.50
2508	115.92	756.17
2509	208.19	756.67
2510	307.60	755.95
2511	418.58	756.58
2512	560.05	755.90
2513	565.75	755.50
2514	626.58	756.58
2515	469.27	757.40
2516	507.30	757.83
2517	177.25	757.75
2518	434.19	759.42
2519	441.33	759.58
2520	473.75	760.75
2521	566.00	762.64
2522	593.67	762.33
2523	122.75	762.75
2524	493.32	765.86
2525	180.40	763.95
2526	74.78	767.83
2527	145.33	764.67
2528	424.19	766.51
2529	676.00	765.75
2530	447.40	767.02
2531	679.50	767.38
2532	213.33	767.67
2533	228.66	768.14
2534	400.00	769.25
2535	780.48	769.33
2536	727.40	770.05
2537	739.75	769.75
2538	578.75	770.50
2539	457.60	771.70
2540	291.50	773.00
2541	379.14	773.92
2542	419.50	773.50
2543	599.50	773.00
2544	766.52	776.39
2545	60.87	775.02
2546	504.67	774.17
2547	572.00	773.50
2548	496.50	774.50
2549	380.58	774.58
2550	424.23	777.73
2551	529.00	775.50
2552	585.67	776.08
2553	327.77	776.87
2554	374.70	777.60
2555	684.67	776.67
2556	219.33	780.13
2557	474.50	777.75
2558	605.50	777.50
2559	594.00	780.75
2560	681.04	781.86
2561	490.97	782.23
2562	205.43	788.75
2563	435.85	783.21
2564	458.75	782.50
2565	722.46	783.09
2566	732.42	782.67
2567	520.50	783.50
2568	521.00	784.00
2569	245.89	786.64
2570	176.64	787.89
2571	657.69	788.44
2572	381.05	790.60
2573	727.43	789.64
2574	687.75	789.75
2575	557.83	791.41
2576	792.35	790.70
2577	592.50	791.75
2578	601.83	791.67
2579	265.50	792.75
2580	298.83	792.83
2581	64.50	793.75
2582	410.33	794.92
2583	591.27	795.81
2584	779.75	794.50
2585	152.25	795.62
2586	281.73	796.40
2587	368.80	796.40
2588	565.95	796.60
2589	608.26	797.99
2590	764.40	796.10
2591	705.52	798.34
2592	747.22	798.51
2593	149.47	798.65
2594	297.89	798.64
2595	347.33	798.65
2596	663.58	798.54
2597	360.00	798.83
2598	720.61	798.91
2599	54.00	799.00
2600	55.75	799.00
2601	61.50	799.00
2602	66.25	799.00
2603	67.75	799.00
2604	71.00	799.00
2605	75.00	799.00
2606	76.75	799.00
2607	80.25	799.00
2608	84.00	799.00
2609	87.50	799.00
2610	89.25	799.00
2611	92.75	799.00
2612	94.00	799.00
2613	98.00	799.00
2614	108.25	799.00
2615	116.50	799.00
2616	123.00	799.00
2617	126.00	799.00
2618	128.75	799.00
2619	130.00	799.00
2620	142.00	799.00
2621	159.00	799.00
2622	166.75	799.00
2623	174.25	799.00
2624	176.50	799.00
2625	203.75	799.00
2626	212.00	797.50
2627	221.75	799.00
2628	223.50	799.00
2629	229.00	799.00
2630	237.25	799.00
2631	239.00	799.00
2632	242.50	799.00
2633	245.75	799.00
2634	262.75	799.00
2635	264.50	799.00
2636	269.50	799.00
2637	275.50	799.00
2638	276.50	799.00
2639	281.25	799.00
2640	288.25	799.00
2641	291.25	799.00
2642	305.50	799.00
2643	310.25	799.00
2644	315.00	799.00
2645	318.75	799.00
2646	321.50	799.00
2647	323.75	799.00
2648	325.00	799.00
2649	328.50	799.00
2650	335.75	799.00
2651	354.50	799.00
2652	361.75	799.00
2653	368.75	799.00
2654	374.50	799.00
2655	376.25	799.00
2656	380.75	799.00
2657	386.50	799.00
2658	389.50	799.00
2659	394.50	799.00
2660	398.50	799.00
2661	402.75	799.00
2662	408.50	799.00
2663	416.50	799.00
2664	417.50	799.00
2665	423.75	799.00
2666	434.50	799.00
2667	440.00	799.00
2668	451.75	799.00
2669	460.50	799.00
2670	462.00	799.00
2671	467.50	799.00
2672	473.25	799.00
2673	482.50	799.00
2674	487.00	799.00
2675	488.25	799.00
2676	492.75	799.00
2677	498.00	799.00
2678	505.00	799.00
2679	514.25	799.00
2680	520.50	799.00
2681	521.75	799.00
2682	525.50	799.00
2683	530.50	799.00
2684	532.25	799.00
2685	537.25	799.00
2686	544.00	799.00
2687	568.00	799.00
2688	593.25	799.00
2689	616.75	799.00
2690	618.00	799.00
2691	621.00	799.00
2692	627.50	799.00
2693	628.50	799.00
2694	639.75	799.00
2695	652.50	799.00
2696	654.25	799.00
2697	670.50	799.00
2698	672.00	799.00
2699	675.00	799.00
2700	680.75	799.00
2701	684.50	799.00
2702	690.50	799.00
2703	691.50	799.00
2704	704.08	798.95
2705	727.75	799.00
2706	729.00	799.00
2707	730.00	799.00
2708	733.25	799.00
2709	737.50	799.00
2710	767.00	799.00
2711	775.75	799.00
2712	777.25	799.00
2713	781.75	799.00
2714	788.25	799.00
2715	789.75	799.00
2716	795.25	799.00
2717	797.00	799.00
